0 0.6335227272727273 0.4613095238095238 0.5113636363636364 0.5059523809523809
66 0.4431818181818182 0.4583333333333333 0.05681818181818182 0.22619047619047616
34 0.49857954545454547 0.4613095238095238 0.05965909090909091 0.22023809523809523
12 0.5738636363636364 0.4613095238095238 0.06818181818181818 0.22023809523809523
28 0.6335227272727273 0.46428571428571425 0.05681818181818182 0.21428571428571427
9 0.6875 0.47023809523809523 0.0625 0.21428571428571427
4 0.7443181818181819 0.47023809523809523 0.05681818181818182 0.22619047619047616
40 0.7982954545454546 0.47023809523809523 0.0625 0.22619047619047616
21 0.21875 0.41369047619047616 0.07954545454545454 0.1845238095238095
27 0.29829545454545453 0.41369047619047616 0.07954545454545454 0.1845238095238095
9 0.15056818181818182 0.5892857142857143 0.06818181818181818 0.19047619047619047
6 0.22443181818181818 0.5922619047619048 0.06818181818181818 0.1845238095238095
1 0.296875 0.5952380952380952 0.07102272727272728 0.17857142857142855
1 0.37215909090909094 0.5982142857142857 0.07386363636363637 0.19642857142857142
