8 0.03125 0.4901960784313726 0.046875 0.0784313725490196
8 0.078125 0.4901960784313726 0.046875 0.0784313725490196
10 0.12630208333333331 0.4901960784313726 0.049479166666666664 0.07189542483660132
4 0.17447916666666666 0.49183006535947715 0.041666666666666664 0.07516339869281045
66 0.3828125 0.5114379084967321 0.03645833333333333 0.09477124183006536
34 0.4231770833333333 0.5114379084967321 0.04427083333333333 0.08823529411764706
27 0.4765625 0.5114379084967321 0.046875 0.08823529411764706
13 0.5143229166666666 0.5147058823529412 0.04427083333333333 0.09477124183006536
4 0.5533854166666666 0.5114379084967321 0.0390625 0.08823529411764706
9 0.5924479166666666 0.5130718954248367 0.04427083333333333 0.09150326797385622
40 0.62890625 0.5114379084967321 0.0390625 0.09477124183006536
0 0.51171875 0.5114379084967321 0.3828125 0.21241830065359477
