20 0.30243445692883897 0.5103550295857988 0.03558052434456929 0.06804733727810651
33 0.33801498127340823 0.5103550295857988 0.03558052434456929 0.06804733727810651
9 0.37734082397003743 0.5059171597633136 0.03558052434456929 0.0650887573964497
10 0.41385767790262173 0.507396449704142 0.033707865168539325 0.07396449704142012
4 0.449438202247191 0.5014792899408284 0.033707865168539325 0.06804733727810651
66 0.5149812734082397 0.5088757396449703 0.026217228464419477 0.07692307692307693
34 0.5393258426966292 0.5029585798816568 0.026217228464419477 0.08284023668639053
17 0.5739700374531835 0.5029585798816568 0.031835205992509365 0.07692307692307693
31 0.602996254681648 0.5014792899408284 0.0299625468164794 0.07988165680473372
10 0.6282771535580525 0.5014792899408284 0.028089887640449437 0.07988165680473372
4 0.653558052434457 0.5 0.0299625468164794 0.07692307692307693
40 0.6779026217228464 0.5 0.0299625468164794 0.07692307692307693
0 0.599250936329588 0.507396449704142 0.250936329588015 0.16272189349112426
