20 0.36657303370786515 0.41200000000000003 0.0646067415730337 0.112
20 0.43117977528089885 0.41200000000000003 0.0646067415730337 0.112
2 0.5056179775280899 0.406 0.0449438202247191 0.108
4 0.5533707865168539 0.404 0.06179775280898876 0.112
4 0.6095505617977528 0.398 0.06179775280898876 0.108
3 0.6699438202247191 0.394 0.05898876404494382 0.108
66 0.3637640449438202 0.5640000000000001 0.042134831460674156 0.112
34 0.41292134831460675 0.562 0.056179775280898875 0.116
24 0.4789325842696629 0.56 0.05337078651685393 0.112
4 0.523876404494382 0.556 0.047752808988764044 0.12
7 0.5702247191011236 0.556 0.05056179775280899 0.112
1 0.6179775280898876 0.55 0.05056179775280899 0.1
40 0.6629213483146067 0.548 0.05056179775280899 0.112
0 0.5154494382022472 0.578 0.4241573033707865 0.196
