21 0.35467980295566504 0.6118143459915611 0.06403940886699508 0.1350210970464135
30 0.4076354679802956 0.6160337552742615 0.06157635467980296 0.12658227848101264
3 0.4839901477832512 0.6265822784810126 0.06157635467980296 0.13080168776371306
9 0.5406403940886699 0.6286919831223629 0.06157635467980296 0.12658227848101264
10 0.5997536945812808 0.630801687763713 0.06157635467980296 0.13080168776371306
1 0.6564039408866995 0.6244725738396624 0.06157635467980296 0.12658227848101264
66 0.3706896551724138 0.791139240506329 0.046798029556650245 0.14767932489451477
34 0.41133004926108374 0.7974683544303797 0.04433497536945813 0.14345991561181434
10 0.47044334975369456 0.8016877637130801 0.04433497536945813 0.12658227848101264
1 0.5123152709359606 0.8059071729957805 0.04433497536945813 0.1350210970464135
4 0.5578817733990148 0.8101265822784809 0.046798029556650245 0.1350210970464135
13 0.603448275862069 0.8101265822784809 0.04926108374384237 0.1350210970464135
40 0.6477832512315271 0.8101265822784809 0.04926108374384237 0.14345991561181434
0 0.518472906403941 0.8059071729957805 0.4310344827586207 0.27848101265822783
