66 0.3516483516483516 0.4896265560165975 0.05128205128205128 0.1078838174273859
34 0.4010989010989011 0.487551867219917 0.054945054945054944 0.11203319502074689
24 0.4725274725274725 0.4854771784232365 0.05128205128205128 0.1078838174273859
4 0.5238095238095238 0.483402489626556 0.05128205128205128 0.1037344398340249
4 0.5805860805860806 0.4854771784232365 0.054945054945054944 0.1078838174273859
2 0.6282051282051282 0.4854771784232365 0.040293040293040296 0.1078838174273859
35 0.673992673992674 0.48132780082987553 0.05860805860805861 0.1078838174273859
22 0.34798534798534797 0.5933609958506224 0.06593406593406594 0.0912863070539419
1 0.3992673992673993 0.5892116182572614 0.05128205128205128 0.0912863070539419
3 0.48717948717948717 0.5892116182572614 0.05860805860805861 0.0912863070539419
10 0.5402930402930403 0.5892116182572614 0.054945054945054944 0.0912863070539419
4 0.6318681318681318 0.5871369294605809 0.054945054945054944 0.0954356846473029
4 0.684981684981685 0.5850622406639004 0.05860805860805861 0.0912863070539419
0 0.5183150183150184 0.46680497925311204 0.4945054945054945 0.17842323651452283
