66 0.4161490683229814 0.49148936170212765 0.028985507246376815 0.059574468085106386
34 0.443064182194617 0.48936170212765956 0.033126293995859216 0.059574468085106386
8 0.484472049689441 0.48829787234042554 0.033126293995859216 0.0574468085106383
8 0.5134575569358178 0.48723404255319147 0.033126293995859216 0.055319148936170216
5 0.5414078674948241 0.48723404255319147 0.031055900621118016 0.055319148936170216
4 0.572463768115942 0.48510638297872344 0.031055900621118016 0.059574468085106386
35 0.5983436853002071 0.4819148936170213 0.028985507246376815 0.0574468085106383
22 0.4151138716356108 0.5478723404255319 0.035196687370600416 0.05319148936170213
26 0.443064182194617 0.5425531914893618 0.033126293995859216 0.0425531914893617
10 0.49171842650103526 0.5436170212765957 0.035196687370600416 0.04468085106382979
3 0.5248447204968945 0.5414893617021277 0.031055900621118016 0.04468085106382979
4 0.5714285714285715 0.5393617021276595 0.028985507246376815 0.04468085106382979
9 0.6014492753623188 0.5372340425531915 0.035196687370600416 0.04042553191489362
0 0.5031055900621119 0.4776595744680851 0.2815734989648033 0.08723404255319149
