66 0.34946236559139787 0.46551724137931033 0.06093189964157706 0.11206896551724138
34 0.4014336917562724 0.46336206896551724 0.05734767025089606 0.11637931034482758
11 0.471326164874552 0.46336206896551724 0.053763440860215055 0.125
25 0.521505376344086 0.46120689655172414 0.06093189964157706 0.12068965517241378
6 0.5698924731182796 0.45905172413793105 0.05734767025089606 0.11637931034482758
4 0.6218637992831542 0.4547413793103448 0.06093189964157706 0.10775862068965517
35 0.6666666666666666 0.4525862068965517 0.05017921146953405 0.11206896551724138
22 0.34229390681003585 0.5775862068965517 0.06093189964157706 0.09482758620689655
1 0.3996415770609319 0.5754310344827586 0.053763440860215055 0.09051724137931035
8 0.4838709677419355 0.5732758620689655 0.05734767025089606 0.09482758620689655
1 0.5376344086021505 0.5646551724137931 0.05017921146953405 0.08620689655172414
10 0.6218637992831542 0.5603448275862069 0.053763440860215055 0.08620689655172414
2 0.6702508960573477 0.5625 0.043010752688172046 0.09913793103448276
0 0.5 0.4375 0.46236559139784944 0.1853448275862069
