66 0.4020501138952164 0.7287822878228782 0.03872437357630979 0.1070110701107011
34 0.4350797266514806 0.7324723247232472 0.04100227790432802 0.1070110701107011
19 0.48063781321184507 0.7306273062730627 0.04100227790432802 0.09594095940959409
1 0.5159453302961275 0.7269372693726937 0.03416856492027335 0.09594095940959409
8 0.5466970387243736 0.7269372693726937 0.03644646924829157 0.09594095940959409
4 0.5797266514806377 0.7214022140221402 0.03416856492027335 0.09225092250922509
35 0.6093394077448747 0.7195571955719557 0.03416856492027335 0.08856088560885608
22 0.39863325740318906 0.8228782287822878 0.03644646924829157 0.08856088560885608
1 0.43280182232346237 0.8210332103321033 0.03644646924829157 0.08487084870848709
9 0.49088838268792706 0.8228782287822878 0.03416856492027335 0.07380073800738007
2 0.5239179954441913 0.8247232472324723 0.02733485193621868 0.09225092250922509
4 0.5808656036446469 0.8173431734317343 0.03644646924829157 0.07749077490774907
4 0.6161731207289294 0.8173431734317343 0.03416856492027335 0.08487084870848709
0 0.5022779043280182 0.7066420664206642 0.3211845102505695 0.15867158671586715
