66 0.3858173076923077 0.4764705882352941 0.03605769230769231 0.08235294117647059
34 0.42307692307692313 0.475 0.038461538461538464 0.08529411764705883
11 0.4747596153846154 0.47352941176470587 0.03605769230769231 0.07647058823529412
13 0.5120192307692308 0.475 0.038461538461538464 0.07941176470588235
9 0.5492788461538461 0.4764705882352941 0.03605769230769231 0.08235294117647059
9 0.5853365384615385 0.475 0.03605769230769231 0.08529411764705883
35 0.6201923076923077 0.475 0.03365384615384616 0.08529411764705883
22 0.3713942307692308 0.5808823529411765 0.05048076923076923 0.07941176470588235
13 0.41947115384615385 0.5838235294117647 0.05048076923076923 0.08529411764705883
6 0.47836538461538464 0.5764705882352941 0.04326923076923077 0.08235294117647059
5 0.5204326923076923 0.5764705882352941 0.04567307692307693 0.08235294117647059
1 0.5841346153846154 0.5764705882352941 0.04326923076923077 0.07647058823529412
4 0.623798076923077 0.5779411764705882 0.04567307692307693 0.08529411764705883
0 0.5072115384615384 0.4617647058823529 0.3942307692307693 0.17058823529411765
