66 0.3657718120805369 0.4759825327510917 0.053691275167785234 0.1222707423580786
34 0.41442953020134227 0.4759825327510917 0.05704697986577181 0.11353711790393012
12 0.4798657718120805 0.47161572052401746 0.053691275167785234 0.1222707423580786
4 0.5302013422818792 0.46943231441048033 0.04697986577181208 0.11790393013100436
1 0.5771812080536912 0.47161572052401746 0.053691275167785234 0.1222707423580786
6 0.62751677852349 0.47161572052401746 0.053691275167785234 0.11353711790393012
35 0.6778523489932886 0.4759825327510917 0.060402684563758385 0.13100436681222707
22 0.3624161073825503 0.5851528384279475 0.060402684563758385 0.09606986899563319
28 0.412751677852349 0.5829694323144105 0.053691275167785234 0.10043668122270742
3 0.4949664429530201 0.5851528384279475 0.05704697986577181 0.08733624454148471
2 0.5436241610738255 0.5829694323144105 0.040268456375838924 0.10043668122270742
9 0.6241610738255033 0.5829694323144105 0.04697986577181208 0.10043668122270742
3 0.674496644295302 0.5829694323144105 0.053691275167785234 0.09170305676855894
0 0.5134228187919463 0.4563318777292576 0.44295302013422816 0.1965065502183406
