66 0.35526315789473684 0.4864864864864865 0.046052631578947366 0.10810810810810811
34 0.40789473684210525 0.4864864864864865 0.05921052631578947 0.10810810810810811
18 0.4786184210526315 0.4845559845559846 0.05592105263157894 0.11969111969111969
3 0.5296052631578947 0.4845559845559846 0.05263157894736842 0.11196911196911197
2 0.5740131578947368 0.4768339768339768 0.042763157894736836 0.11196911196911197
6 0.6184210526315789 0.4749034749034749 0.05263157894736842 0.11583011583011583
35 0.6644736842105263 0.47104247104247104 0.05263157894736842 0.1003861003861004
22 0.34868421052631576 0.5926640926640927 0.05921052631578947 0.0888030888030888
31 0.40296052631578944 0.5945945945945946 0.05592105263157894 0.08494208494208494
4 0.4901315789473684 0.5945945945945946 0.05263157894736842 0.08494208494208494
7 0.5427631578947368 0.5907335907335908 0.05263157894736842 0.09266409266409267
3 0.625 0.5830115830115831 0.05263157894736842 0.09266409266409267
7 0.6743421052631579 0.5772200772200773 0.046052631578947366 0.0888030888030888
0 0.506578947368421 0.4517374517374517 0.48684210526315785 0.2007722007722008
