66 0.36320754716981135 0.479020979020979 0.04716981132075472 0.1048951048951049
34 0.41352201257861637 0.4825174825174825 0.059748427672955975 0.1048951048951049
18 0.4811320754716981 0.4807692307692308 0.06289308176100629 0.10839160839160839
3 0.5314465408805031 0.4807692307692308 0.050314465408805034 0.10839160839160839
2 0.5738993710691824 0.4755244755244755 0.04088050314465409 0.1048951048951049
6 0.6179245283018868 0.47027972027972026 0.059748427672955975 0.10139860139860139
35 0.6619496855345912 0.47027972027972026 0.04716981132075472 0.10139860139860139
22 0.3584905660377359 0.5769230769230769 0.06289308176100629 0.08391608391608392
31 0.41037735849056606 0.5786713286713286 0.059748427672955975 0.08041958041958042
4 0.49528301886792453 0.5769230769230769 0.05345911949685535 0.08391608391608392
7 0.5424528301886793 0.5751748251748252 0.04716981132075472 0.08041958041958042
3 0.6210691823899371 0.5699300699300699 0.05345911949685535 0.08391608391608392
7 0.669811320754717 0.5664335664335665 0.050314465408805034 0.07692307692307693
0 0.5094339622641509 0.4527972027972028 0.4591194968553459 0.17132867132867133
