66 0.39886363636363636 0.4949367088607595 0.038636363636363635 0.06835443037974684
34 0.4352272727272727 0.49240506329113926 0.038636363636363635 0.06835443037974684
18 0.4795454545454545 0.49240506329113926 0.045454545454545456 0.07341772151898734
3 0.5125 0.4936708860759494 0.029545454545454545 0.07088607594936709
2 0.546590909090909 0.489873417721519 0.03409090909090909 0.07341772151898734
6 0.5784090909090909 0.48860759493670886 0.03409090909090909 0.07088607594936709
35 0.6079545454545454 0.48607594936708864 0.03409090909090909 0.06582278481012659
22 0.39545454545454545 0.5607594936708861 0.04090909090909091 0.05822784810126582
31 0.4340909090909091 0.5569620253164557 0.04090909090909091 0.05569620253164557
4 0.49318181818181817 0.5594936708860759 0.03636363636363636 0.05569620253164557
7 0.5261363636363636 0.5569620253164557 0.038636363636363635 0.05569620253164557
3 0.5806818181818182 0.5556962025316455 0.03409090909090909 0.05822784810126582
7 0.6147727272727272 0.5518987341772152 0.038636363636363635 0.05569620253164557
0 0.5022727272727272 0.46962025316455697 0.32727272727272727 0.1291139240506329
