66 0.37225274725274726 0.49044585987261147 0.046703296703296704 0.089171974522293
34 0.4134615384615385 0.49203821656050956 0.041208791208791215 0.08598726114649682
24 0.46565934065934067 0.4888535031847134 0.046703296703296704 0.08598726114649682
9 0.506868131868132 0.4888535031847134 0.046703296703296704 0.08598726114649682
5 0.543956043956044 0.4888535031847134 0.038461538461538464 0.08598726114649682
1 0.5824175824175825 0.482484076433121 0.04395604395604396 0.0732484076433121
35 0.6195054945054945 0.482484076433121 0.03571428571428572 0.07961783439490447
22 0.3708791208791209 0.5764331210191083 0.049450549450549455 0.07006369426751592
32 0.41483516483516486 0.5748407643312102 0.04395604395604396 0.0732484076433121
3 0.4793956043956044 0.5700636942675159 0.046703296703296704 0.06369426751592357
5 0.521978021978022 0.5684713375796179 0.04395604395604396 0.06687898089171974
2 0.5824175824175825 0.5636942675159236 0.038461538461538464 0.07643312101910829
6 0.6208791208791209 0.5636942675159236 0.04395604395604396 0.07643312101910829
0 0.5 0.4697452229299363 0.39560439560439564 0.13694267515923567
