66 0.4168646080760095 0.48924731182795705 0.035629453681710214 0.06989247311827958
34 0.4501187648456057 0.4852150537634409 0.035629453681710214 0.06720430107526883
14 0.49762470308788603 0.4838709677419355 0.040380047505938245 0.06989247311827958
6 0.5285035629453682 0.4838709677419355 0.035629453681710214 0.06989247311827958
1 0.5605700712589073 0.4825268817204301 0.04275534441805226 0.06720430107526883
8 0.5950118764845606 0.48118279569892475 0.030878859857482188 0.06989247311827958
35 0.6235154394299288 0.478494623655914 0.035629453681710214 0.06989247311827958
22 0.4133016627078385 0.5577956989247312 0.03800475059382423 0.05645161290322581
32 0.4501187648456057 0.5551075268817205 0.030878859857482188 0.06182795698924732
9 0.505938242280285 0.5524193548387097 0.0332541567695962 0.05645161290322581
7 0.5403800475059383 0.5510752688172044 0.035629453681710214 0.05913978494623656
2 0.5961995249406176 0.5470430107526882 0.028503562945368172 0.05645161290322581
6 0.6294536817102138 0.5456989247311829 0.03800475059382423 0.05913978494623656
0 0.5154394299287411 0.4717741935483871 0.32304038004750596 0.11559139784946237
