0 0.359 0.6933333333333334 0.19 0.432
0 0.122 0.5613333333333334 0.224 0.2906666666666667
0 0.115 0.6786666666666666 0.138 0.39199999999999996
0 0.858 0.7653333333333333 0.212 0.4533333333333333
0 0.593 0.6466666666666666 0.106 0.36533333333333334
0 0.674 0.712 0.184 0.3733333333333333
3 0.377 0.508 0.226 0.7813333333333333
3 0.121 0.54 0.21 0.6
3 0.17300000000000001 0.3813333333333333 0.07 0.3733333333333333
3 0.242 0.43466666666666665 0.084 0.5066666666666666
3 0.61 0.5106666666666666 0.156 0.6053333333333333
3 0.708 0.5653333333333334 0.192 0.64
3 0.867 0.5933333333333333 0.21 0.7386666666666667
