66 0.38040345821325644 0.4735973597359736 0.040345821325648415 0.0891089108910891
34 0.4207492795389049 0.4702970297029703 0.04610951008645533 0.0891089108910891
14 0.47982708933717577 0.46864686468646866 0.04899135446685879 0.09240924092409242
6 0.5244956772334294 0.46534653465346537 0.04610951008645533 0.0858085808580858
1 0.5619596541786743 0.4636963696369637 0.040345821325648415 0.0891089108910891
8 0.6023054755043227 0.4603960396039604 0.040345821325648415 0.0891089108910891
35 0.638328530259366 0.4570957095709571 0.04322766570605187 0.08250825082508251
22 0.37896253602305474 0.5577557755775577 0.0547550432276657 0.07260726072607261
32 0.4207492795389049 0.5561056105610561 0.040345821325648415 0.07590759075907591
9 0.48847262247838613 0.5528052805280528 0.04322766570605187 0.06930693069306931
7 0.5302593659942363 0.5478547854785478 0.04610951008645533 0.07260726072607261
2 0.600864553314121 0.5462046204620462 0.03170028818443804 0.07590759075907591
6 0.648414985590778 0.5445544554455446 0.04610951008645533 0.07260726072607261
0 0.5144092219020172 0.45544554455445546 0.4178674351585014 0.132013201320132
