66 0.36897590361445787 0.4714828897338403 0.05120481927710844 0.10646387832699619
34 0.41566265060240964 0.4714828897338403 0.04819277108433735 0.10646387832699619
22 0.480421686746988 0.467680608365019 0.05120481927710844 0.09885931558935361
3 0.5271084337349398 0.467680608365019 0.04819277108433735 0.09885931558935361
1 0.5707831325301205 0.46387832699619774 0.05120481927710844 0.09885931558935361
10 0.6159638554216867 0.4600760456273764 0.05120481927710844 0.09125475285171103
35 0.658132530120482 0.4543726235741445 0.045180722891566265 0.09505703422053231
22 0.3614457831325301 0.5741444866920152 0.05421686746987952 0.09125475285171103
32 0.4126506024096386 0.5722433460076045 0.05421686746987952 0.08745247148288973
3 0.49096385542168675 0.564638783269962 0.04819277108433735 0.08745247148288973
10 0.5376506024096386 0.564638783269962 0.045180722891566265 0.08745247148288973
1 0.6174698795180723 0.5570342205323194 0.04819277108433735 0.07984790874524715
1 0.6626506024096386 0.5532319391634981 0.05421686746987952 0.08745247148288973
0 0.5075301204819277 0.44866920152091255 0.4307228915662651 0.16730038022813687
