66 0.4069767441860465 0.4847417840375587 0.03171247357293869 0.06807511737089202
34 0.4376321353065539 0.4859154929577465 0.03805496828752643 0.07042253521126761
22 0.4809725158562368 0.4835680751173709 0.03594080338266385 0.06103286384976526
9 0.5116279069767442 0.4823943661971831 0.03382663847780127 0.06807511737089202
2 0.5412262156448203 0.4800469483568075 0.029598308668076112 0.06807511737089202
7 0.5718816067653277 0.47769953051643194 0.03594080338266385 0.06338028169014084
35 0.6004228329809725 0.47769953051643194 0.03805496828752643 0.06338028169014084
22 0.4069767441860465 0.545774647887324 0.03594080338266385 0.05868544600938967
32 0.43868921775898523 0.545774647887324 0.03171247357293869 0.0539906103286385
2 0.492600422832981 0.5422535211267606 0.025369978858350954 0.051643192488262914
2 0.5232558139534884 0.5446009389671361 0.03171247357293869 0.051643192488262914
4 0.5761099365750528 0.5422535211267606 0.03594080338266385 0.051643192488262914
1 0.6078224101479915 0.539906103286385 0.03594080338266385 0.056338028169014086
0 0.5095137420718816 0.47417840375586856 0.2875264270613108 0.107981220657277
