66 0.2942583732057416 0.477124183006536 0.07177033492822966 0.19607843137254902
34 0.36602870813397126 0.4803921568627451 0.07177033492822966 0.1895424836601307
9 0.4688995215311005 0.47058823529411764 0.07655502392344497 0.18300653594771243
3 0.5382775119617225 0.47385620915032683 0.06220095693779904 0.1895424836601307
8 0.6076555023923444 0.4673202614379085 0.07655502392344497 0.17647058823529413
5 0.6794258373205742 0.4673202614379085 0.07655502392344497 0.1895424836601307
35 0.7464114832535885 0.4673202614379085 0.07655502392344497 0.1895424836601307
22 0.28708133971291866 0.6470588235294118 0.07655502392344497 0.14379084967320263
25 0.36602870813397126 0.6503267973856209 0.08133971291866028 0.1503267973856209
4 0.48564593301435405 0.6405228758169935 0.08133971291866028 0.1568627450980392
5 0.5598086124401913 0.6405228758169935 0.07655502392344497 0.1568627450980392
3 0.6842105263157895 0.6405228758169935 0.08612440191387559 0.1568627450980392
8 0.7559808612440191 0.6339869281045751 0.07655502392344497 0.1568627450980392
0 0.5119617224880383 0.4477124183006536 0.6698564593301435 0.29411764705882354
