23 0.40662650602409633 0.7204724409448818 0.04618473895582329 0.11023622047244094
24 0.4477911646586345 0.7165354330708661 0.040160642570281124 0.10236220472440945
3 0.5100401606425702 0.7106299212598425 0.03614457831325301 0.09842519685039369
3 0.5471887550200802 0.7106299212598425 0.04216867469879518 0.1062992125984252
2 0.5763052208835341 0.702755905511811 0.028112449799196783 0.1062992125984252
6 0.6054216867469879 0.7007874015748031 0.038152610441767064 0.11023622047244094
66 0.4086345381526104 0.8523622047244095 0.03413654618473895 0.1062992125984252
34 0.4397590361445783 0.8543307086614174 0.0321285140562249 0.11811023622047244
18 0.4799196787148594 0.84251968503937 0.0321285140562249 0.10236220472440945
18 0.5110441767068272 0.8346456692913385 0.03413654618473895 0.11023622047244094
6 0.5411646586345381 0.8346456692913385 0.02610441767068273 0.11811023622047244
4 0.5722891566265059 0.8366141732283464 0.0321285140562249 0.11417322834645668
40 0.6024096385542168 0.8326771653543307 0.03614457831325301 0.11417322834645668
0 0.502008032128514 0.8385826771653543 0.3092369477911646 0.18110236220472442
