23 0.4083155650319829 0.45563549160671457 0.04477611940298507 0.05275779376498801
24 0.4466950959488273 0.45563549160671457 0.04051172707889126 0.05755395683453237
3 0.5085287846481876 0.4544364508393285 0.04051172707889126 0.05515587529976019
3 0.5447761194029851 0.4532374100719424 0.04051172707889126 0.05755395683453237
2 0.5714285714285714 0.45083932853717024 0.0255863539445629 0.05755395683453237
6 0.5980810234541578 0.44844124700239807 0.03624733475479744 0.05755395683453237
66 0.4093816631130064 0.5299760191846522 0.029850746268656716 0.06235011990407673
34 0.43816631130063965 0.5287769784172661 0.031982942430703626 0.05995203836930455
18 0.47974413646055436 0.5227817745803357 0.038379530916844345 0.05275779376498801
18 0.5085287846481876 0.5239808153477218 0.03624733475479744 0.05515587529976019
6 0.5362473347547975 0.5227817745803357 0.031982942430703626 0.05755395683453237
4 0.5660980810234542 0.5239808153477218 0.03624733475479744 0.06474820143884892
40 0.593816631130064 0.5215827338129496 0.031982942430703626 0.06474820143884892
0 0.5031982942430704 0.5311750599520383 0.2899786780383795 0.10311750599520383
