23 0.4230038022813688 0.46367521367521375 0.03612167300380228 0.042735042735042736
15 0.4524714828897338 0.4658119658119659 0.030418250950570342 0.05128205128205129
7 0.502851711026616 0.467948717948718 0.03231939163498099 0.05128205128205129
2 0.5228136882129277 0.467948717948718 0.019011406844106463 0.05128205128205129
1 0.5465779467680608 0.4647435897435898 0.03612167300380228 0.04487179487179488
9 0.5779467680608364 0.4658119658119659 0.034220532319391636 0.042735042735042736
66 0.42395437262357416 0.5299145299145299 0.026615969581749048 0.05128205128205129
34 0.4467680608365019 0.5299145299145299 0.026615969581749048 0.047008547008547015
31 0.48098859315589354 0.5299145299145299 0.034220532319391636 0.05128205128205129
3 0.5047528517110266 0.5331196581196582 0.028517110266159697 0.05341880341880342
6 0.5285171102661597 0.530982905982906 0.030418250950570342 0.05341880341880342
9 0.5532319391634981 0.530982905982906 0.030418250950570342 0.04487179487179488
40 0.5779467680608364 0.530982905982906 0.026615969581749048 0.05341880341880342
0 0.5019011406844106 0.5395299145299146 0.25475285171102663 0.10470085470085472
