26 0.28651685393258425 0.381578947368421 0.07865168539325842 0.1631578947368421
29 0.3707865168539326 0.38421052631578945 0.09737827715355805 0.15789473684210525
9 0.50187265917603 0.3894736842105263 0.0898876404494382 0.15789473684210525
1 0.5786516853932584 0.3894736842105263 0.08614232209737828 0.14736842105263157
9 0.6610486891385768 0.3894736842105263 0.07865168539325842 0.14736842105263157
9 0.7471910112359551 0.39210526315789473 0.09363295880149813 0.15263157894736842
66 0.301498127340824 0.5789473684210527 0.06367041198501873 0.15789473684210525
34 0.36329588014981273 0.5842105263157895 0.06741573033707865 0.16842105263157894
9 0.4550561797752809 0.5842105263157895 0.06367041198501873 0.15789473684210525
6 0.5243445692883896 0.5868421052631578 0.06741573033707865 0.17368421052631577
2 0.5842696629213483 0.5921052631578947 0.052434456928838954 0.17368421052631577
14 0.653558052434457 0.5921052631578947 0.07865168539325842 0.1631578947368421
40 0.7172284644194756 0.5947368421052631 0.06367041198501873 0.16842105263157894
0 0.5318352059925093 0.618421052631579 0.7116104868913857 0.32105263157894737
