28 0.35756676557863504 0.4056603773584906 0.06231454005934718 0.08679245283018867
20 0.41246290801186947 0.40943396226415096 0.05934718100890208 0.09433962264150944
10 0.5014836795252225 0.40943396226415096 0.05934718100890208 0.09433962264150944
6 0.5593471810089021 0.41132075471698115 0.05637982195845698 0.09811320754716982
2 0.5964391691394659 0.40943396226415096 0.03560830860534125 0.09433962264150944
7 0.6483679525222552 0.41132075471698115 0.06824925816023739 0.09811320754716982
66 0.3738872403560831 0.5490566037735849 0.04747774480712166 0.09433962264150944
34 0.41543026706231456 0.5490566037735849 0.04747774480712166 0.09433962264150944
33 0.4732937685459941 0.5452830188679245 0.04451038575667656 0.1018867924528302
14 0.513353115727003 0.5528301886792453 0.04747774480712166 0.1018867924528302
8 0.5578635014836796 0.5528301886792453 0.04747774480712166 0.09433962264150944
6 0.6008902077151336 0.5566037735849056 0.04451038575667656 0.1018867924528302
40 0.6394658753709199 0.5584905660377358 0.04451038575667656 0.10566037735849057
0 0.5089020771513353 0.569811320754717 0.4421364985163205 0.2188679245283019
