3 0.047 0.5653333333333334 0.09 0.42666666666666664
3 0.185 0.37466666666666665 0.138 0.21066666666666667
3 0.267 0.42 0.09 0.14133333333333334
3 0.433 0.516 0.098 0.44
3 0.502 0.632 0.152 0.4106666666666667
3 0.274 0.7773333333333333 0.14 0.408
3 0.047 0.8973333333333333 0.09 0.20533333333333334
3 0.147 0.8906666666666666 0.122 0.21866666666666665
3 0.264 0.9039999999999999 0.088 0.192
3 0.378 0.8826666666666666 0.124 0.23466666666666666
3 0.341 0.956 0.11 0.088
3 0.9580000000000001 0.48133333333333334 0.084 0.3973333333333333
3 0.8270000000000001 0.428 0.146 0.41333333333333333
