3 0.47800000000000004 0.6351351351351351 0.244 0.35135135135135137
3 0.678 0.481981981981982 0.34800000000000003 0.5975975975975976
3 0.07200000000000001 0.15465465465465467 0.112 0.3033033033033033
3 0.155 0.14414414414414414 0.078 0.2822822822822823
3 0.243 0.14564564564564564 0.122 0.2852852852852853
3 0.366 0.15615615615615616 0.088 0.3063063063063063
3 0.498 0.16216216216216217 0.116 0.3183183183183183
3 0.76 0.16216216216216217 0.088 0.3183183183183183
3 0.849 0.16516516516516516 0.10200000000000001 0.32432432432432434
3 0.9380000000000001 0.16216216216216217 0.096 0.3183183183183183
