1 0.331 0.48666666666666664 0.074 0.06666666666666667
1 0.263 0.4973333333333333 0.074 0.088
3 0.7000000000000001 0.54 0.032 0.09866666666666667
3 0.24 0.5066666666666666 0.048 0.05333333333333333
3 0.306 0.54 0.044 0.13599999999999998
3 0.41300000000000003 0.5479999999999999 0.042 0.12
3 0.5700000000000001 0.7653333333333333 0.116 0.304
3 0.397 0.7133333333333333 0.08600000000000001 0.248
3 0.257 0.6506666666666666 0.098 0.21333333333333332
3 0.11900000000000001 0.6346666666666666 0.094 0.224
3 0.198 0.596 0.064 0.17333333333333334
1 0.872 0.6933333333333334 0.256 0.3413333333333333
3 0.031 0.5346666666666666 0.038 0.13066666666666665
3 0.074 0.5226666666666666 0.044 0.06933333333333333
3 0.148 0.496 0.036000000000000004 0.058666666666666666
3 0.47600000000000003 0.5866666666666667 0.064 0.16
