28 0.387308533916849 0.4265463917525773 0.0350109409190372 0.059278350515463915
20 0.424507658643326 0.42783505154639173 0.03938730853391685 0.061855670103092786
10 0.49015317286652077 0.4304123711340206 0.03938730853391685 0.061855670103092786
6 0.5284463894967177 0.4304123711340206 0.03282275711159737 0.061855670103092786
2 0.5612691466083151 0.4329896907216495 0.015317286652078774 0.061855670103092786
7 0.5962800875273523 0.43427835051546393 0.037199124726477024 0.059278350515463915
66 0.399343544857768 0.5219072164948454 0.028446389496717725 0.06443298969072164
34 0.42778993435448576 0.5219072164948454 0.028446389496717725 0.06958762886597938
33 0.47045951859956237 0.520618556701031 0.030634573304157548 0.07216494845360824
14 0.5 0.520618556701031 0.028446389496717725 0.07216494845360824
8 0.5284463894967177 0.5231958762886598 0.028446389496717725 0.07216494845360824
6 0.5568927789934355 0.5244845360824743 0.028446389496717725 0.07474226804123711
40 0.5886214442013129 0.520618556701031 0.030634573304157548 0.07216494845360824
0 0.49890590809628005 0.529639175257732 0.29321663019693656 0.11597938144329897
