66 0.3333333333333333 0.48275862068965514 0.035842293906810034 0.09482758620689655
34 0.36917562724014336 0.49353448275862066 0.043010752688172046 0.10775862068965517
1 0.4157706093189964 0.5064655172413793 0.043010752688172046 0.09913793103448276
1 0.4551971326164875 0.5172413793103449 0.043010752688172046 0.09482758620689655
8 0.492831541218638 0.521551724137931 0.03942652329749104 0.09482758620689655
5 0.5304659498207885 0.5431034482758621 0.043010752688172046 0.08620689655172414
35 0.5663082437275986 0.5517241379310345 0.05017921146953405 0.10344827586206896
22 0.3118279569892473 0.5668103448275862 0.043010752688172046 0.09051724137931035
18 0.35304659498207885 0.5754310344827586 0.03942652329749104 0.08189655172413793
1 0.4121863799283154 0.5991379310344828 0.043010752688172046 0.06896551724137931
1 0.45161290322580644 0.6056034482758621 0.043010752688172046 0.08189655172413793
8 0.514336917562724 0.625 0.04659498207885305 0.07758620689655173
5 0.553763440860215 0.6400862068965517 0.04659498207885305 0.07327586206896551
0 0.46236559139784944 0.4956896551724138 0.45161290322580644 0.21551724137931033
