66 0.3726027397260274 0.4833836858006042 0.043835616438356165 0.08459214501510574
34 0.41643835616438357 0.48036253776435045 0.043835616438356165 0.08459214501510574
24 0.4726027397260274 0.48036253776435045 0.04657534246575343 0.07854984894259819
4 0.5150684931506849 0.48036253776435045 0.043835616438356165 0.07854984894259819
4 0.5575342465753425 0.4788519637462236 0.03561643835616438 0.08157099697885196
2 0.5972602739726027 0.47583081570996977 0.021917808219178082 0.0755287009063444
35 0.6383561643835617 0.47583081570996977 0.043835616438356165 0.0755287009063444
22 0.36712328767123287 0.5649546827794562 0.049315068493150684 0.06646525679758308
1 0.410958904109589 0.5619335347432024 0.043835616438356165 0.06646525679758308
3 0.4849315068493151 0.5634441087613293 0.038356164383561646 0.06948640483383686
10 0.5287671232876713 0.5604229607250756 0.043835616438356165 0.0634441087613293
4 0.6 0.5589123867069486 0.043835616438356165 0.06646525679758308
4 0.6452054794520548 0.554380664652568 0.04657534246575343 0.06948640483383686
0 0.5082191780821917 0.46676737160120846 0.4136986301369863 0.13595166163141995
