66 0.3 0.6292134831460674 0.0735930735930736 0.19662921348314605
34 0.3670995670995671 0.6362359550561798 0.06926406926406926 0.19101123595505617
4 0.4627705627705628 0.6278089887640449 0.06147186147186147 0.1853932584269663
7 0.5307359307359307 0.6292134831460674 0.05541125541125541 0.17696629213483145
2 0.5952380952380952 0.6235955056179775 0.02857142857142857 0.18258426966292135
9 0.6632034632034632 0.6228932584269663 0.06233766233766234 0.1896067415730337
35 0.7294372294372294 0.6235955056179775 0.06147186147186147 0.18258426966292135
22 0.2956709956709957 0.8146067415730337 0.07186147186147186 0.15730337078651685
19 0.36666666666666664 0.8202247191011236 0.06493506493506493 0.1292134831460674
7 0.48095238095238096 0.8103932584269663 0.06666666666666667 0.13764044943820225
8 0.5528138528138529 0.8040730337078651 0.0683982683982684 0.14185393258426965
3 0.6658008658008658 0.8117977528089887 0.0658008658008658 0.1601123595505618
4 0.7372294372294372 0.8061797752808989 0.05800865800865801 0.15730337078651685
0 0.5233766233766234 0.5948033707865168 0.6467532467532467 0.2991573033707865
