66 0.3918067226890756 0.4504950495049505 0.031512605042016806 0.07920792079207921
34 0.4222689075630252 0.4504950495049505 0.037815126050420166 0.07425742574257425
33 0.46533613445378147 0.44801980198019803 0.031512605042016806 0.07425742574257425
21 0.4978991596638655 0.4467821782178218 0.037815126050420166 0.07673267326732673
2 0.5304621848739496 0.4467821782178218 0.010504201680672268 0.06683168316831684
10 0.5640756302521008 0.4467821782178218 0.031512605042016806 0.06683168316831684
40 0.592436974789916 0.4504950495049505 0.03361344537815126 0.07425742574257425
27 0.476890756302521 0.5198019801980198 0.04201680672268907 0.054455445544554455
16 0.5157563025210083 0.5222772277227723 0.03571428571428571 0.0594059405940594
4 0.43907563025210083 0.5767326732673267 0.037815126050420166 0.06435643564356436
3 0.476890756302521 0.5804455445544554 0.04201680672268907 0.06188118811881188
8 0.5157563025210083 0.5816831683168316 0.03571428571428571 0.06435643564356436
3 0.5567226890756303 0.5804455445544554 0.04621848739495798 0.06683168316831684
0 0.49579831932773105 0.44554455445544555 0.3277310924369748 0.12871287128712872
