66 0.26865671641791045 0.3984375 0.029850746268656716 0.109375
34 0.29701492537313434 0.40625 0.03283582089552239 0.11458333333333333
7 0.33432835820895523 0.4114583333333333 0.029850746268656716 0.10416666666666666
2 0.3970149253731343 0.41666666666666663 0.011940298507462687 0.10416666666666666
10 0.3656716417910448 0.4140625 0.03283582089552239 0.09895833333333333
10 0.4298507462686567 0.4270833333333333 0.029850746268656716 0.10416666666666666
22 0.26865671641791045 0.5026041666666666 0.03582089552238806 0.09895833333333333
1 0.30149253731343284 0.5078125 0.03582089552238806 0.08854166666666666
2 0.35074626865671643 0.515625 0.020895522388059702 0.08333333333333333
5 0.3776119402985075 0.5234375 0.03880597014925373 0.09895833333333333
4 0.43134328358208956 0.53125 0.03283582089552239 0.09375
2 0.46119402985074626 0.5416666666666666 0.026865671641791045 0.09375
35 0.46119402985074626 0.4296875 0.026865671641791045 0.09895833333333333
0 0.373134328358209 0.390625 0.3283582089552239 0.19791666666666666
