66 0.3702970297029703 0.7596599690880989 0.05148514851485149 0.12210200927357032
34 0.4198019801980198 0.7604327666151468 0.05148514851485149 0.12982998454404945
8 0.49405940594059405 0.7743431221020093 0.04554455445544554 0.1143740340030912
8 0.5440594059405941 0.7727975270479134 0.046534653465346534 0.10510046367851622
7 0.5910891089108911 0.7743431221020093 0.04554455445544554 0.10819165378670788
6 0.6430693069306931 0.7666151468315301 0.04257425742574258 0.11746522411128284
35 0.6886138613861387 0.7635239567233385 0.04455445544554455 0.1143740340030912
22 0.36386138613861385 0.8794435857805255 0.048514851485148516 0.09891808346213292
26 0.4153465346534653 0.8809891808346213 0.048514851485148516 0.09891808346213292
4 0.5014851485148515 0.8879443585780525 0.0504950495049505 0.09119010819165378
10 0.5534653465346535 0.884080370942813 0.047524752475247525 0.09273570324574962
1 0.6415841584158416 0.8778979907264297 0.04554455445544554 0.09891808346213292
10 0.6891089108910892 0.8778979907264297 0.04356435643564356 0.10200927357032458
0 0.5222772277227723 0.7372488408037094 0.4702970297029703 0.20092735703245748
