66 0.3909426987060998 0.392226148409894 0.03512014787430684 0.127208480565371
34 0.42791127541589646 0.38869257950530034 0.038817005545286505 0.12014134275618374
9 0.4787430683918669 0.38869257950530034 0.03696857670979667 0.12014134275618374
9 0.5129390018484288 0.37985865724381623 0.031423290203327174 0.1166077738515901
9 0.5489833641404805 0.37985865724381623 0.03696857670979667 0.12367491166077739
6 0.5868761552680222 0.37809187279151946 0.03512014787430684 0.127208480565371
35 0.6210720887245841 0.3763250883392226 0.04066543438077634 0.13074204946996465
22 0.4907578558225508 0.49823321554770317 0.04251386321626617 0.0989399293286219
23 0.5286506469500925 0.49469964664310956 0.04436229205175601 0.0989399293286219
5 0.4390018484288355 0.5848056537102474 0.04621072088724584 0.10247349823321554
10 0.477818853974122 0.588339222614841 0.04251386321626617 0.10954063604240283
10 0.5406654343807763 0.5848056537102474 0.03512014787430684 0.10247349823321554
1 0.5785582255083179 0.5830388692579506 0.04066543438077634 0.0989399293286219
0 0.5036968576709797 0.35512367491166075 0.3752310536044362 0.23674911660777384
