66 0.4024822695035461 0.5496688741721855 0.035460992907801414 0.11920529801324503
34 0.4379432624113475 0.5496688741721855 0.03900709219858156 0.11920529801324503
9 0.4902482269503546 0.5496688741721855 0.03723404255319149 0.10596026490066225
9 0.5301418439716312 0.554635761589404 0.03900709219858156 0.11589403973509933
9 0.5647163120567376 0.5513245033112583 0.03723404255319149 0.10927152317880795
11 0.5984042553191489 0.5562913907284768 0.03723404255319149 0.11258278145695365
40 0.6347517730496454 0.5529801324503312 0.035460992907801414 0.11920529801324503
20 0.39095744680851063 0.3990066225165563 0.047872340425531915 0.11589403973509933
30 0.4379432624113475 0.40066225165562913 0.03900709219858156 0.11258278145695365
9 0.500886524822695 0.40066225165562913 0.04078014184397163 0.10596026490066225
9 0.5469858156028369 0.402317880794702 0.047872340425531915 0.10264900662251655
9 0.5921985815602837 0.40397350993377484 0.03900709219858156 0.10596026490066225
9 0.6356382978723404 0.40397350993377484 0.044326241134751775 0.09933774834437085
0 0.527482269503546 0.5579470198675497 0.42730496453900707 0.20860927152317882
