66 0.41198501872659177 0.5076586433260394 0.0299625468164794 0.061269146608315096
34 0.43820224719101125 0.5076586433260394 0.02247191011235955 0.06564551422319474
17 0.47659176029962547 0.5076586433260394 0.028089887640449437 0.05689277899343545
26 0.5074906367041199 0.5065645514223195 0.033707865168539325 0.06345733041575492
8 0.5374531835205992 0.5065645514223195 0.026217228464419477 0.05908096280087527
6 0.5636704119850188 0.5098468271334792 0.026217228464419477 0.06564551422319474
40 0.5926966292134832 0.5076586433260394 0.031835205992509365 0.0700218818380744
0 0.5074906367041199 0.512035010940919 0.3146067415730337 0.1050328227571116
28 0.4157303370786517 0.4310722100656455 0.03745318352059925 0.061269146608315096
11 0.45692883895131087 0.4321663019693654 0.033707865168539325 0.05470459518599562
2 0.4934456928838951 0.4299781181619256 0.02059925093632959 0.05470459518599562
2 0.5224719101123596 0.42888402625820565 0.0149812734082397 0.0525164113785558
2 0.550561797752809 0.4310722100656455 0.02247191011235955 0.05689277899343545
5 0.5898876404494382 0.4310722100656455 0.03745318352059925 0.05689277899343545
