23 0.27734375 0.25872093023255816 0.078125 0.1686046511627907
18 0.35546875 0.2645348837209302 0.078125 0.18023255813953487
7 0.462890625 0.2558139534883721 0.07421875 0.18604651162790697
5 0.5390625 0.2645348837209302 0.078125 0.1686046511627907
9 0.6484375 0.2558139534883721 0.078125 0.16279069767441862
6 0.724609375 0.2558139534883721 0.07421875 0.16279069767441862
66 0.302734375 0.5290697674418604 0.05078125 0.1511627906976744
34 0.359375 0.5290697674418604 0.0625 0.1511627906976744
11 0.443359375 0.5261627906976745 0.05078125 0.1569767441860465
23 0.50390625 0.5261627906976745 0.0546875 0.1569767441860465
6 0.564453125 0.5261627906976745 0.05078125 0.1569767441860465
8 0.6171875 0.5145348837209303 0.0546875 0.1569767441860465
35 0.677734375 0.5203488372093024 0.05859375 0.1569767441860465
0 0.50390625 0.5232558139534884 0.609375 0.313953488372093
