22 0.4064516129032258 0.45569620253164556 0.03010752688172043 0.05569620253164557
27 0.43655913978494626 0.4518987341772152 0.025806451612903226 0.053164556962025315
2 0.4881720430107527 0.45316455696202534 0.017204301075268817 0.04556962025316456
7 0.5182795698924731 0.4518987341772152 0.03010752688172043 0.04810126582278481
1 0.5731182795698925 0.4506329113924051 0.03225806451612903 0.05063291139240506
7 0.603225806451613 0.4481012658227848 0.03225806451612903 0.05063291139240506
66 0.4010752688172043 0.5329113924050634 0.02795698924731183 0.06329113924050633
34 0.43010752688172044 0.5303797468354431 0.03010752688172043 0.06329113924050633
11 0.4720430107526882 0.529113924050633 0.03225806451612903 0.06075949367088608
27 0.5043010752688172 0.5278481012658228 0.02795698924731183 0.06835443037974684
5 0.5333333333333333 0.5253164556962026 0.034408602150537634 0.06329113924050633
6 0.5645161290322581 0.5253164556962026 0.03225806451612903 0.06329113924050633
35 0.5903225806451613 0.5253164556962026 0.023655913978494623 0.05822784810126582
0 0.5053763440860215 0.5379746835443038 0.31827956989247314 0.1189873417721519
