9 0.3595505617977528 0.19101123595505617 0.0898876404494382 0.24719101123595505
6 0.46629213483146065 0.20224719101123595 0.10112359550561797 0.2696629213483146
7 0.5702247191011236 0.20224719101123595 0.09550561797752809 0.24719101123595505
1 0.6685393258426966 0.20224719101123595 0.10112359550561797 0.2696629213483146
66 0.26123595505617975 0.5337078651685393 0.07303370786516854 0.2808988764044944
12 0.449438202247191 0.5280898876404494 0.07865168539325842 0.29213483146067415
34 0.34269662921348315 0.5280898876404494 0.0898876404494382 0.2696629213483146
17 0.5365168539325843 0.5224719101123595 0.08426966292134831 0.2808988764044944
6 0.6151685393258427 0.5337078651685393 0.07303370786516854 0.2808988764044944
9 0.6938202247191011 0.5337078651685393 0.07303370786516854 0.2584269662921348
40 0.7724719101123595 0.5337078651685393 0.08426966292134831 0.2808988764044944
0 0.5196629213483146 0.5449438202247191 0.7921348314606741 0.4831460674157303
