66 0.4117647058823529 0.5044742729306487 0.027450980392156862 0.060402684563758385
34 0.44019607843137254 0.5044742729306487 0.029411764705882353 0.06487695749440715
34 0.5137254901960784 0.5044742729306487 0.03137254901960784 0.060402684563758385
12 0.4823529411764706 0.5022371364653244 0.03137254901960784 0.060402684563758385
10 0.5441176470588235 0.5055928411633109 0.029411764705882353 0.07158836689038031
7 0.5715686274509804 0.5044742729306487 0.03333333333333333 0.06935123042505592
40 0.6019607843137255 0.5033557046979865 0.03137254901960784 0.06711409395973154
24 0.40490196078431373 0.6845637583892618 0.03725490196078431 0.053691275167785234
18 0.442156862745098 0.6868008948545861 0.03725490196078431 0.058165548098434
4 0.5049019607843137 0.6879194630872483 0.03333333333333333 0.05592841163310962
10 0.538235294117647 0.6868008948545861 0.03725490196078431 0.053691275167785234
10 0.5754901960784313 0.6845637583892618 0.03725490196078431 0.053691275167785234
10 0.6147058823529412 0.685682326621924 0.041176470588235294 0.05592841163310962
1 0.3411764705882353 0.4686800894854586 0.03529411764705882 0.03803131991051454
1 0.307843137254902 0.4686800894854586 0.03137254901960784 0.03803131991051454
5 0.2774509803921569 0.4686800894854586 0.03333333333333333 0.03355704697986577
24 0.2411764705882353 0.4664429530201342 0.027450980392156862 0.03803131991051454
0 0.5137254901960784 0.5089485458612976 0.3254901960784314 0.13646532438478748
