30 0.03209876543209877 0.4551282051282051 0.04938271604938271 0.08974358974358974
11 0.08148148148148147 0.4599358974358974 0.04938271604938271 0.08653846153846154
9 0.1876543209876543 0.46634615384615385 0.04938271604938271 0.09294871794871795
2 0.2234567901234568 0.4647435897435897 0.022222222222222223 0.08333333333333333
1 0.25925925925925924 0.46794871794871795 0.04938271604938271 0.08974358974358974
66 0.3691358024691358 0.5032051282051282 0.037037037037037035 0.10256410256410256
34 0.4111111111111111 0.5032051282051282 0.04197530864197531 0.10256410256410256
13 0.4679012345679012 0.5016025641025641 0.04197530864197531 0.09935897435897435
17 0.5123456790123456 0.5016025641025641 0.046913580246913576 0.09935897435897435
4 0.5555555555555556 0.5032051282051282 0.044444444444444446 0.10256410256410256
3 0.5975308641975309 0.5080128205128205 0.03950617283950617 0.09935897435897435
40 0.6395061728395062 0.5048076923076923 0.044444444444444446 0.10576923076923077
0 0.5037037037037037 0.5096153846153846 0.4148148148148148 0.21794871794871795
