66 0.30859375 0.5233918128654971 0.0625 0.1695906432748538
34 0.37109375 0.5204678362573099 0.0703125 0.17543859649122806
13 0.4609375 0.5204678362573099 0.0703125 0.17543859649122806
24 0.525390625 0.5233918128654971 0.05859375 0.18128654970760233
10 0.58984375 0.5292397660818713 0.0703125 0.18128654970760233
10 0.65625 0.5263157894736842 0.0625 0.17543859649122806
40 0.720703125 0.5292397660818713 0.07421875 0.18128654970760233
29 0.48046875 0.7251461988304093 0.09375 0.15204678362573099
33 0.564453125 0.7280701754385964 0.07421875 0.15789473684210525
3 0.40625 0.8742690058479532 0.078125 0.15789473684210525
4 0.486328125 0.8742690058479532 0.08203125 0.14619883040935672
6 0.568359375 0.8771929824561403 0.07421875 0.15204678362573099
7 0.6484375 0.8771929824561403 0.078125 0.15204678362573099
0 0.53125 0.5146198830409356 0.6484375 0.3157894736842105
