23 0.4768339768339768 0.36752136752136755 0.07335907335907337 0.08547008547008547
21 0.5444015444015444 0.3653846153846154 0.0694980694980695 0.08974358974358976
2 0.4111969111969112 0.4487179487179488 0.02702702702702703 0.08547008547008547
8 0.45559845559845563 0.4508547008547009 0.06177606177606178 0.08974358974358976
8 0.5270270270270271 0.4465811965811966 0.05791505791505792 0.0811965811965812
6 0.5945945945945946 0.4487179487179488 0.06177606177606178 0.08547008547008547
66 0.34942084942084944 0.5641025641025642 0.0501930501930502 0.10256410256410257
13 0.4671814671814672 0.5662393162393163 0.05405405405405406 0.0982905982905983
34 0.39768339768339767 0.5662393162393163 0.05405405405405406 0.0982905982905983
28 0.5193050193050193 0.5641025641025642 0.05791505791505792 0.09401709401709403
6 0.5714285714285714 0.5662393162393163 0.05405405405405406 0.10683760683760685
10 0.6216216216216216 0.5662393162393163 0.04633204633204634 0.0982905982905983
40 0.667953667953668 0.5683760683760685 0.05405405405405406 0.11111111111111112
0 0.5173745173745173 0.5811965811965812 0.5019305019305019 0.20512820512820515
