66 0.2236180904522613 0.48828125 0.08542713567839195 0.2734375
34 0.3065326633165829 0.484375 0.09045226130653267 0.265625
13 0.4221105527638191 0.48046875 0.08040201005025126 0.2578125
24 0.5150753768844221 0.484375 0.09547738693467336 0.25
10 0.6055276381909548 0.484375 0.08542713567839195 0.25
10 0.6959798994974874 0.4921875 0.09547738693467336 0.25
40 0.7839195979899498 0.49609375 0.09045226130653267 0.2734375
0 0.5226130653266332 0.484375 0.8542713567839196 0.46875
29 0.45979899497487436 0.78515625 0.11557788944723618 0.2265625
33 0.5728643216080402 0.78515625 0.11055276381909548 0.2265625
