28 0.47027972027972026 0.2696078431372549 0.05944055944055944 0.10784313725490197
26 0.5332167832167832 0.2696078431372549 0.06643356643356643 0.10784313725490197
9 0.42657342657342656 0.37745098039215685 0.055944055944055944 0.10784313725490197
3 0.493006993006993 0.37745098039215685 0.06293706293706294 0.10784313725490197
2 0.5367132867132867 0.37745098039215685 0.03146853146853147 0.10784313725490197
6 0.5891608391608392 0.375 0.05244755244755245 0.11274509803921569
66 0.3548951048951049 0.5245098039215687 0.05244755244755245 0.11764705882352941
34 0.40384615384615385 0.5269607843137255 0.05244755244755245 0.12254901960784313
14 0.47027972027972026 0.5245098039215687 0.05244755244755245 0.12745098039215685
14 0.5192307692307693 0.5220588235294118 0.05244755244755245 0.1323529411764706
9 0.5664335664335665 0.5245098039215687 0.04195804195804196 0.12745098039215685
3 0.6153846153846154 0.5269607843137255 0.04895104895104895 0.12254901960784313
40 0.6590909090909091 0.5269607843137255 0.05244755244755245 0.12254901960784313
0 0.5122377622377622 0.5343137254901961 0.486013986013986 0.22549019607843138
