28 0.46484375 0.3719512195121951 0.04427083333333333 0.06707317073170732
26 0.5091145833333333 0.37347560975609756 0.04427083333333333 0.06402439024390244
9 0.43359375 0.43140243902439024 0.0546875 0.06402439024390244
3 0.47916666666666663 0.43140243902439024 0.041666666666666664 0.06402439024390244
2 0.5130208333333333 0.43140243902439024 0.020833333333333332 0.06402439024390244
6 0.5520833333333333 0.43140243902439024 0.046875 0.06402439024390244
66 0.38151041666666663 0.5198170731707318 0.033854166666666664 0.0701219512195122
34 0.4192708333333333 0.5198170731707318 0.041666666666666664 0.0701219512195122
14 0.46354166666666663 0.5182926829268293 0.03645833333333333 0.06707317073170732
14 0.49869791666666663 0.5167682926829269 0.0390625 0.0701219512195122
9 0.53515625 0.5182926829268293 0.0390625 0.06707317073170732
3 0.5703125 0.5182926829268293 0.03645833333333333 0.06707317073170732
40 0.6041666666666666 0.5198170731707318 0.03645833333333333 0.06402439024390244
0 0.49479166666666663 0.5259146341463414 0.3489583333333333 0.14939024390243902
