9 0.026760563380281693 0.49475524475524474 0.04225352112676056 0.08741258741258741
2 0.05774647887323944 0.493006993006993 0.02535211267605634 0.07692307692307693
1 0.09295774647887324 0.493006993006993 0.04507042253521127 0.07692307692307693
1 0.14366197183098592 0.49125874125874125 0.05070422535211268 0.07342657342657342
66 0.3830985915492958 0.5122377622377622 0.03943661971830986 0.0944055944055944
34 0.4197183098591549 0.5087412587412588 0.03943661971830986 0.08741258741258741
14 0.47605633802816905 0.5104895104895105 0.03943661971830986 0.09090909090909091
18 0.5169014084507042 0.5122377622377622 0.036619718309859155 0.0944055944055944
10 0.5577464788732395 0.5104895104895105 0.03943661971830986 0.09090909090909091
5 0.6014084507042254 0.5122377622377622 0.036619718309859155 0.08741258741258741
40 0.6408450704225352 0.513986013986014 0.04225352112676056 0.0979020979020979
0 0.5154929577464789 0.5174825174825175 0.3943661971830986 0.17482517482517482
