66 0.3732394366197183 0.511986301369863 0.036619718309859155 0.08561643835616438
34 0.4126760563380282 0.5136986301369862 0.04225352112676056 0.0958904109589041
14 0.4690140845070423 0.511986301369863 0.04225352112676056 0.09246575342465753
26 0.5070422535211268 0.5102739726027397 0.03943661971830986 0.08904109589041095
5 0.5492957746478874 0.5085616438356164 0.03943661971830986 0.08561643835616438
7 0.5873239436619718 0.5051369863013698 0.036619718309859155 0.08561643835616438
40 0.623943661971831 0.5051369863013698 0.04225352112676056 0.09246575342465753
24 0.3676056338028169 0.7568493150684931 0.04788732394366198 0.0684931506849315
31 0.4183098591549296 0.7585616438356164 0.04788732394366198 0.07191780821917808
10 0.4887323943661972 0.7534246575342465 0.04788732394366198 0.0821917808219178
5 0.5549295774647888 0.7517123287671232 0.04507042253521127 0.07876712328767123
4 0.6154929577464789 0.75 0.04788732394366198 0.07534246575342465
0 0.5028169014084507 0.5102739726027397 0.37464788732394366 0.13013698630136986
17 0.14507042253521127 0.46232876712328763 0.04225352112676056 0.0547945205479452
4 0.1971830985915493 0.46232876712328763 0.033802816901408454 0.0547945205479452
7 0.24225352112676057 0.45890410958904104 0.04507042253521127 0.04794520547945205
1 0.2830985915492958 0.46061643835616434 0.036619718309859155 0.05821917808219178
