66 0.31927710843373497 0.5120481927710843 0.05421686746987952 0.15662650602409636
34 0.3734939759036145 0.5100401606425702 0.060240963855421686 0.15261044176706826
14 0.45783132530120485 0.5200803212851405 0.06626506024096386 0.14056224899598393
32 0.5180722891566265 0.5180722891566265 0.060240963855421686 0.14457831325301204
8 0.5753012048192772 0.5180722891566265 0.060240963855421686 0.15261044176706826
5 0.6370481927710844 0.5220883534136546 0.06325301204819278 0.1606425702811245
40 0.6987951807228916 0.5261044176706827 0.060240963855421686 0.1606425702811245
27 0.4774096385542169 0.6947791164658634 0.08132530120481928 0.12048192771084336
26 0.5587349397590362 0.6987951807228915 0.08734939759036145 0.12048192771084336
10 0.4307228915662651 0.8092369477911646 0.0783132530120482 0.11646586345381525
3 0.5075301204819277 0.8132530120481927 0.07530120481927711 0.12449799196787148
2 0.5647590361445783 0.8152610441767068 0.03313253012048193 0.11244979919678713
10 0.6280120481927711 0.8192771084337349 0.07530120481927711 0.12048192771084336
0 0.5135542168674699 0.5140562248995983 0.5813253012048193 0.28112449799196787
