17 0.24127310061601642 0.5486284289276808 0.055441478439425054 0.06982543640897755
32 0.2915811088295688 0.5486284289276808 0.049281314168377825 0.06982543640897755
4 0.20533880903490762 0.6197007481296758 0.045174537987679675 0.07231920199501246
4 0.2587268993839836 0.6197007481296758 0.045174537987679675 0.07231920199501246
2 0.28952772073921973 0.6197007481296758 0.02053388090349076 0.062344139650872814
7 0.32854209445585214 0.6184538653366584 0.045174537987679675 0.06982543640897755
66 0.39219712525667355 0.5099750623441396 0.03285420944558522 0.08229426433915212
34 0.42813141683778233 0.5087281795511222 0.039014373716632446 0.0798004987531172
15 0.4815195071868583 0.5087281795511222 0.039014373716632446 0.08977556109725686
19 0.5205338809034907 0.5062344139650873 0.039014373716632446 0.08478802992518703
8 0.5564681724845996 0.5074812967581047 0.03285420944558522 0.08728179551122195
10 0.5924024640657084 0.5087281795511222 0.034907597535934295 0.08478802992518703
40 0.6324435318275154 0.5124688279301746 0.04106776180698152 0.08728179551122195
0 0.5174537987679672 0.5149625935162094 0.3408624229979466 0.15710723192019949
