4 0.022857142857142857 0.4787234042553191 0.04 0.07801418439716312
6 0.07285714285714286 0.4787234042553191 0.04285714285714286 0.0851063829787234
6 0.13 0.48226950354609927 0.04285714285714286 0.0851063829787234
66 0.3657142857142857 0.5124113475177304 0.045714285714285714 0.09574468085106383
34 0.4042857142857143 0.5088652482269503 0.04285714285714286 0.09574468085106383
16 0.4642857142857143 0.5106382978723404 0.037142857142857144 0.09929078014184398
11 0.51 0.5141843971631206 0.037142857142857144 0.09929078014184398
9 0.5557142857142857 0.5106382978723404 0.04285714285714286 0.09929078014184398
9 0.5985714285714285 0.5141843971631206 0.04285714285714286 0.09929078014184398
40 0.6385714285714286 0.5124113475177304 0.04285714285714286 0.10992907801418439
0 0.51 0.5106382978723404 0.43142857142857144 0.20567375886524822
