24 0.4742268041237113 0.09663865546218486 0.09278350515463918 0.1764705882352941
33 0.5798969072164948 0.09243697478991596 0.0979381443298969 0.1680672268907563
9 0.38144329896907214 0.27310924369747897 0.09278350515463918 0.19327731092436973
2 0.47164948453608246 0.2689075630252101 0.04639175257731959 0.20168067226890757
9 0.5618556701030928 0.27310924369747897 0.09278350515463918 0.21008403361344538
10 0.6778350515463918 0.2773109243697479 0.0979381443298969 0.2184873949579832
66 0.25 0.5462184873949579 0.08762886597938144 0.23529411764705882
34 0.327319587628866 0.5504201680672268 0.08762886597938144 0.226890756302521
17 0.4381443298969072 0.5546218487394958 0.08247422680412371 0.23529411764705882
27 0.518041237113402 0.5588235294117647 0.07731958762886598 0.24369747899159663
10 0.5979381443298969 0.5630252100840336 0.08247422680412371 0.25210084033613445
9 0.6778350515463918 0.5714285714285714 0.07731958762886598 0.2184873949579832
40 0.7551546391752577 0.5756302521008403 0.07731958762886598 0.24369747899159663
0 0.5103092783505154 0.5840336134453781 0.7628865979381443 0.42857142857142855
