24 0.3811188811188811 0.4002932551319648 0.039627039627039624 0.07331378299120235
29 0.43123543123543123 0.39882697947214074 0.04195804195804196 0.07624633431085044
8 0.5163170163170163 0.39882697947214074 0.053613053613053616 0.07038123167155425
2 0.5664335664335665 0.40175953079178883 0.023310023310023312 0.08211143695014662
4 0.6107226107226107 0.40175953079178883 0.05128205128205128 0.07624633431085044
66 0.38694638694638694 0.5146627565982405 0.03263403263403263 0.07917888563049853
34 0.4184149184149184 0.5146627565982405 0.03496503496503497 0.07917888563049853
17 0.4731934731934732 0.5131964809384164 0.037296037296037296 0.08211143695014662
30 0.5081585081585082 0.5131964809384164 0.03263403263403263 0.08211143695014662
7 0.5454545454545454 0.5161290322580645 0.037296037296037296 0.07624633431085044
4 0.5827505827505828 0.5175953079178885 0.037296037296037296 0.08504398826979472
40 0.62004662004662 0.5161290322580645 0.037296037296037296 0.08797653958944282
0 0.5081585081585082 0.5205278592375366 0.41025641025641024 0.1436950146627566
