20 0.4831349206349206 0.4009111617312073 0.03373015873015873 0.04555808656036446
34 0.5128968253968254 0.4009111617312073 0.03373015873015873 0.04555808656036446
5 0.4573412698412698 0.4430523917995444 0.025793650793650792 0.03872437357630979
3 0.4851190476190476 0.4430523917995444 0.03373015873015873 0.03872437357630979
10 0.5158730158730158 0.44533029612756264 0.027777777777777776 0.03872437357630979
10 0.5446428571428571 0.44419134396355353 0.02976190476190476 0.04100227790432802
66 0.42757936507936506 0.5045558086560364 0.025793650793650792 0.04783599088838269
34 0.45238095238095233 0.5045558086560364 0.027777777777777776 0.05239179954441913
18 0.4851190476190476 0.5034168564920273 0.02976190476190476 0.05011389521640091
13 0.5099206349206349 0.5045558086560364 0.023809523809523808 0.05694760820045558
7 0.5317460317460317 0.5022779043280182 0.023809523809523808 0.05694760820045558
1 0.5575396825396826 0.501138952164009 0.027777777777777776 0.05466970387243736
40 0.5803571428571428 0.5034168564920273 0.021825396825396824 0.04555808656036446
0 0.501984126984127 0.5079726651480637 0.2698412698412698 0.09111617312072892
