66 0.40846456692913385 0.7854609929078014 0.02952755905511811 0.09574468085106383
34 0.4360236220472441 0.7907801418439716 0.025590551181102362 0.09219858156028368
24 0.4793307086614173 0.7872340425531915 0.02952755905511811 0.09929078014184398
9 0.5098425196850394 0.7854609929078014 0.031496062992125984 0.08865248226950355
5 0.5393700787401575 0.7836879432624113 0.027559055118110236 0.09219858156028368
1 0.5669291338582677 0.7783687943262411 0.023622047244094488 0.08865248226950355
35 0.5954724409448818 0.776595744680851 0.02952755905511811 0.09929078014184398
22 0.4074803149606299 0.8918439716312057 0.031496062992125984 0.08865248226950355
3 0.4872047244094488 0.8847517730496454 0.033464566929133854 0.07446808510638298
5 0.5196850393700787 0.8776595744680851 0.031496062992125984 0.08156028368794326
2 0.5708661417322834 0.8776595744680851 0.011811023622047244 0.08156028368794326
6 0.5994094488188977 0.8776595744680851 0.033464566929133854 0.08156028368794326
0 0.5059055118110236 0.7588652482269503 0.3188976377952756 0.1631205673758865
