27 0.44722222222222224 0.19536423841059603 0.10555555555555556 0.17880794701986755
27 0.5805555555555556 0.1986754966887417 0.10555555555555556 0.17218543046357615
8 0.32222222222222224 0.36423841059602646 0.12222222222222223 0.17218543046357615
1 0.45 0.3708609271523179 0.11111111111111112 0.17218543046357615
7 0.5805555555555556 0.3741721854304636 0.10555555555555556 0.16556291390728478
7 0.7055555555555556 0.37748344370860926 0.11111111111111112 0.17218543046357615
66 0.20833333333333334 0.5927152317880795 0.08333333333333334 0.2185430463576159
34 0.2972222222222222 0.5960264900662252 0.08333333333333334 0.2119205298013245
25 0.4305555555555556 0.6059602649006622 0.08333333333333334 0.2052980132450331
1 0.5305555555555556 0.6059602649006622 0.08333333333333334 0.2052980132450331
7 0.6305555555555555 0.609271523178808 0.08333333333333334 0.1986754966887417
7 0.7277777777777779 0.6158940397350994 0.08888888888888889 0.1986754966887417
40 0.8250000000000001 0.609271523178808 0.08333333333333334 0.2119205298013245
0 0.5083333333333333 0.6125827814569537 0.9277777777777778 0.37748344370860926
