0 0.5114329268292683 0.7084548104956269 0.45884146341463417 0.5306122448979592
34 0.4253048780487805 0.7026239067055393 0.039634146341463415 0.13411078717201166
9 0.6097560975609756 0.8221574344023324 0.039634146341463415 0.09912536443148688
9 0.6539634146341463 0.8192419825072886 0.039634146341463415 0.09912536443148688
22 0.375 0.8309037900874635 0.042682926829268296 0.09912536443148688
3 0.49085365853658536 0.8338192419825072 0.042682926829268296 0.1107871720116618
3 0.5373475609756098 0.8323615160349854 0.044207317073170736 0.10204081632653061
7 0.5259146341463414 0.7011661807580175 0.039634146341463415 0.12536443148688045
18 0.48475609756097565 0.7011661807580175 0.042682926829268296 0.13119533527696792
9 0.5701219512195123 0.6997084548104956 0.039634146341463415 0.12244897959183673
9 0.6112804878048781 0.6967930029154519 0.039634146341463415 0.12244897959183673
66 0.38338414634146345 0.7011661807580175 0.038109756097560975 0.13119533527696792
