0 0.5445402298850575 0.6598984771573604 0.4224137931034483 0.4111675126903553
34 0.45977011494252873 0.6751269035532994 0.034482758620689655 0.10152284263959391
8 0.6609195402298851 0.7449238578680203 0.034482758620689655 0.07360406091370558
2 0.625 0.6624365482233502 0.028735632183908046 0.10152284263959391
2 0.5538793103448276 0.6687817258883249 0.027298850574712645 0.09390862944162436
23 0.514367816091954 0.6700507614213197 0.034482758620689655 0.09137055837563451
66 0.42528735632183906 0.6763959390862944 0.034482758620689655 0.10406091370558375
8 0.5639367816091954 0.7588832487309644 0.035919540229885055 0.07614213197969542
3 0.5883620689655172 0.6649746192893401 0.033045977011494254 0.09644670050761421
6 0.5244252873563219 0.7626903553299492 0.037356321839080456 0.07868020304568528
