0 0.13078703703703703 0.48333333333333334 0.26157407407407407 0.2111111111111111
0 0.4942129629629629 0.5 0.3587962962962963 0.25
9 0.1111111111111111 0.4847222222222222 0.037037037037037035 0.0638888888888889
2 0.07060185185185185 0.4861111111111111 0.03009259259259259 0.06666666666666667
2 0.15046296296296297 0.4861111111111111 0.032407407407407406 0.061111111111111116
24 0.010416666666666666 0.48194444444444445 0.020833333333333332 0.058333333333333334
34 0.41666666666666663 0.5013888888888889 0.037037037037037035 0.075
18 0.5034722222222222 0.5027777777777778 0.034722222222222224 0.07222222222222223
66 0.3831018518518518 0.5 0.03009259259259259 0.07222222222222223
1 0.5740740740740741 0.5013888888888889 0.032407407407407406 0.06944444444444445
33 0.46759259259259256 0.5013888888888889 0.032407407407407406 0.075
5 0.5393518518518519 0.5 0.032407407407407406 0.07222222222222223
