0000
0001
0002
0003
0004
0005
0006
0007
0008
0009
0010
0011
0012
0013
0014
0015
0016
0018
0020
0022
0023
0024
0025
0026
0027
0028
0029
0030
0031
0032
0033
0034
0035
0037
0041
0042
0043
0044
0046
0047
0048
0049
0050
0051
0052
0053
0054
0056
0057
0059
0060
0061
0062
0063
0064
0065
0066
0067
0068
0069
0070
0073
0074
0075
0077
0078
0079
0081
0082
0083
0085
0086
0088
0089
0090
0091
0092
0093
0095
0096
0097
0098
0100
0101
0103
0104
0105
0106
0107
0108
0109
0111
0112
0113
0115
0116
0117
0118
0119
0123
0124
0126
0127
0128
0129
0130
0131
0132
0133
0134
0135
0136
0137
0138
0139
0141
0142
0143
0144
0145
0147
0148
0149
0150
0151
0152
0153
0154
0157
0159
0160
0161
0162
0164
0165
0167
0169
0170
0171
0172
0173
0174
0175
0176
0177
0178
0179
0180
0181
0182
0183
0187
0188
0189
0190
0191
0193
0194
0195
0199
0200
0203
0204
0205
0206
0207
0208
0209
0211
0213
0214
0216
0217
0219
0220
0221
0222
0223
0224
0225
0226
0227
0229
0230
0231
0232
0233
0234
0236
0237
0238
0239
0240
0241
0242
0243
0244
0246
0247
0249
0250
0253
0254
0255
0257
0258
0259
0260
0261
0264
0265
0266
0267
0268
0270
0271
0273
0274
0275
0276
0277
0278
0279
0280
0281
0283
0284
0285
0286
0288
0289
0290
0291
0292
0293
0294
0295
0297
0298
0299
0300
0301
0302
0303
0305
0306
0307
0308
0309
0310
0311
0313
0314
0316
0318
0319
0320
0321
0322
0324
0325
0326
0327
0328
0329
0330
0332
0333
0334
0335
0337
0338
0339
0340
0341
0342
0343
0344
0345
0346
0347
0348
0349
0350
0351
0352
0353
0354
0355
0356
0357
0358
0359
0360
0361
0362
0363
0364
0365
0366
0367
0368
0371
0372
0373
0374
0375
0376
0377
0378
0379
0380
0382
0383
0384
0385
0386
0387
0388
0389
0390
0391
0392
0394
0396
0397
0398
0400
0401
0402
0403
0405
0406
0407
0408
0409
0410
0413
0414
0416
0417
0418
0420
0421
0422
0423
0425
0426
0427
0428
0429
0430
0432
0433
0434
0437
0438
0439
0441
0442
0443
0445
0446
0447
0448
0450
0452
0453
0454
0455
0457
0458
0459
0460
0462
0463
0466
0468
0469
0470
0471
0472
0475
0476
0477
0478
0479
0481
0482
0483
0484
0485
0486
0487
0489
0490
0491
0492
0493
0495
0496
0497
0498
0499
0500
0501
0503
0504
0506
0507
0508
0509
0510
0511
0512
0513
0514
0515
0516
0517
0519
0520
0521
0522
0523
0527
0530
0531
0534
0535
0536
0537
0538
0539
0540
0541
0542
0543
0544
0545
0546
0547
0548
0549
0550
0551
0552
0554
0555
0556
0557
0558
0559
0562
0563
0564
0565
0566
0567
0568
0569
0572
0573
0574
0576
0578
0579
0580
0581
0582
0583
0584
0585
0586
0587
0588
0589
0590
0594
0595
0596
0597
0599
0600
0601
0602
0604
0605
0606
0607
0608
0609
0610
0611
0612
0613
0614
0615
0616
0617
0618
0620
0621
0622
0623
0624
0625
0627
0628
0629
0630
0632
0633
0634
0635
0637
0638
0639
0640
0641
0642
0643
0644
0645
0646
0647
0649
0650
0652
0653
0654
0655
0656
0657
0658
0659
0660
0661
0662
0663
0665
0666
0667
0668
0669
0670
0672
0673
0674
0676
0677
0678
0679
0680
0681
0682
0683
0684
0685
0686
0687
0688
0689
0690
0691
0692
0693
0694
0696
0697
0699
0700
0701
0703
0704
0706
0707
0708
0710
0711
0712
0713
0714
0715
0716
0718
0720
0721
0722
0724
0725
0726
0727
0729
0730
0731
0732
0734
0735
0736
0737
0738
0739
0740
0741
0742
0744
0745
0746
0748
0749
0750
0751
0752
0753
0754
0755
0756
0757
0758
0759
0760
0761
0762
0763
0764
0765
0769
0771
0774
0775
0776
0777
0778
0779
0782
0783
0784
0785
0786
0787
0788
0789
0790
0791
0792
0793
0794
0795
0797
0798
0799
0800
0801
0802
0804
0805
0806
0807
0808
0809
0810
0811
0813
0814
0815
0817
0818
0819
0820
0821
0822
0824
0825
0826
0828
0829
0831
0832
0833
0834
0835
0837
0838
0839
0840
0841
0842
0844
0845
0846
0847
0848
0849
0850
0851
0852
0853
0854
0857
0858
0859
0860
0861
0862
0863
0864
0865
0866
0867
0868
0869
0870
0871
0873
0874
0875
0876
0878
0879
0880
0881
0882
0883
0884
0886
0887
0888
0889
0890
0891
0893
0894
0895
0896
0897
0898
0901
0902
0903
0904
0905
0907
0908
0909
0910
0911
0913
0914
0915
0916
0918
0920
0922
0923
0924
0925
0926
0928
0929
0931
0934
0935
0937
0938
0939
0941
0942
0944
0945
0946
0947
0949
0950
0951
0952
0953
0954
0955
0956
0957
0958
0962
0963
0964
0965
0967
0970
0971
0972
0973
0974
0975
0976
0977
0979
0980
0982
0983
0984
0985
0986
0987
0989
0990
0991
0993
0994
0995
0996
0997
0999
1002
1003
1004
1005
1006
1009
1010
1011
1012
1013
1014
1015
1016
1017
1018
1019
1023
1024
1025
1026
1027
1028
1030
1032
1033
1034
1037
1039
1040
1041
1042
1044
1045
1046
1047
1049
1050
1052
1053
1054
1055
1056
1058
1059
1060
1062
1063
1064
1065
1066
1067
1068
1069
1070
1072
1073
1075
1076
1078
1079
1081
1082
1083
1084
1085
1086
1087
1088
1090
1091
1093
1094
1096
1098
1099
1101
1102
1104
1105
1106
1108
1109
1110
1111
1113
1114
1115
1117
1118
1119
1120
1122
1123
1124
1126
1128
1129
1130
1131
1134
1135
1136
1137
1140
1141
1142
1143
1144
1145
1146
1147
1149
1150
1151
1152
1154
1155
1156
1157
1158
1159
1160
1162
1164
1165
1166
1168
1169
1171
1172
1173
1174
1175
1176
1177
1179
1180
1181
1182
1183
1184
1185
1187
1189
1191
1192
1193
1194
1195
1196
1197
1198
1199
1200
1201
1202
1203
1204
1206
1208
1209
1210
1211
1212
1215
1216
1217
1218
1219
1220
1221
1222
1223
1224
1225
1226
1228
1229
1230
1231
1232
1233
1234
1235
1236
1237
1238
1240
1241
1242
1243
1244
1245
1246
1247
1248
1249
1250
1251
1252
1253
1255
1256
1257
1258
1259
1260
1261
1263
1264
1265
1266
1267
1269
1270
1272
1274
1275
1277
1278
1279
1280
1281
1282
1283
1285
1286
1287
1289
1290
1291
1292
1293
1294
1295
1296
1297
1299
1300
1303
1304
1306
1307
1308
1309
1310
1312
1314
1315
1316
1317
1318
1319
1321
1322
1323
1324
1325
1326
1327
1328
1330
1331
1332
1333
1334
1335
1336
1337
1338
1339
1340
1342
1343
1344
1345
1346
1347
1348
1349
1350
1351
1352
1353
1354
1355
1356
1357
1358
1360
1361
1364
1365
1366
1367
1369
1370
1371
1372
1373
1374
1375
1377
1378
1379
1381
1383
1384
1385
1386
1387
1388
1389
1390
1391
1392
1394
1395
1396
1398
1399
1400
1401
1402
1404
1405
1406
1407
1409
1410
1411
1412
1413
1414
1415
1416
1417
1419
1421
1422
1423
1424
1425
1426
1427
1428
1429
1430
1431
1432
1433
1435
1436
1437
1439
1440
1441
1442
1443
1444
1447
1448
1449
1450
1451
1452
1453
1454
1456
1457
1458
1459
1460
1461
1462
1463
1465
1467
1468
1469
1470
1471
1472
1473
1475
1476
1480
1482
1483
1484
1485
1486
1487
1489
1490
1491
1492
1493
1494
1495
1498
1499
1500
1501
1502
1503
1504
1505
1506
1507
1508
1509
1510
1511
1512
1513
1514
1515
1516
1517
1518
1520
1521
1522
1523
1524
1525
1528
1529
1530
1531
1532
1533
1534
1539
1540
1542
1543
1545
1546
1547
1548
1549
1550
1551
1552
1554
1555
1556
1557
1558
1559
1560
1561
1562
1563
1565
1566
1567
1569
1571
1572
1573
1574
1575
1576
1577
1578
1579
1580
1581
1582
1583
1584
1587
1588
1589
1590
1593
1594
1595
1596
1597
1599
1600
1601
1602
1603
1604
1605
1607
1608
1611
1612
1615
1617
1618
1620
1621
1623
1624
1625
1626
1627
1628
1629
1630
1631
1632
1633
1634
1635
1636
1637
1638
1641
1642
1644
1646
1647
1648
1649
1650
1652
1653
1654
1655
1656
1657
1658
1660
1661
1662
1663
1664
1665
1666
1668
1671
1673
1675
1676
1677
1678
1680
1681
1682
1683
1684
1686
1687
1688
1689
1690
1691
1693
1694
1696
1699
1700
1701
1702
1705
1706
1709
1710
1711
1712
1713
1714
1715
1718
1719
1720
1723
1724
1725
1726
1727
1728
1729
1730
1731
1732
1733
1735
1736
1737
1738
1740
1741
1742
1743
1744
1745
1746
1748
1749
1750
1751
1752
1753
1755
1756
1757
1758
1759
1760
1761
1762
1763
1764
1765
1766
1767
1768
1769
1770
1771
1772
1774
1775
1776
1777
1780
1782
1783
1784
1785
1786
1788
1789
1790
1792
1793
1795
1797
1798
1799
1800
1801
1802
1804
1805
1806
1807
1808
1809
1810
1811
1813
1815
1816
1817
1818
1819
1820
1821
1823
1824
1825
1826
1827
1828
1829
1830
1831
1832
1834
1835
1837
1838
1839
1840
1842
1843
1846
1847
1850
1851
1853
1854
1856
1857
1859
1860
1861
1862
1864
1865
1866
1867
1868
1869
1870
1871
1872
1873
1875
1876
1877
1878
1879
1880
1881
1882
1883
1884
1885
1886
1887
1888
1889
1890
1891
1894
1895
1896
1897
1898
1899
1901
1902
1904
1905
1906
1907
1908
1909
1910
1911
1912
1913
1914
1915
1916
1917
1918
1919
1920
1922
1923
1924
1926
1927
1928
1929
1930
1931
1932
1933
1934
1936
1937
1939
1940
1942
1943
1944
1945
1946
1947
1948
1949
1950
1951
1952
1953
1954
1956
1957
1958
1959
1960
1963
1964
1965
1966
1967
1968
1969
1970
1971
1972
1975
1976
1977
1978
1979
1980
1981
1983
1984
1985
1986
1987
1988
1989
1990
1991
1992
1995
1996
1997
1998
2000
2002
2004
2005
2008
2009
2010
2011
2012
2013
2015
2017
2018
2019
2020
2021
2022
2023
2024
2025
2026
2029
2030
2031
2032
2033
2034
2036
2038
2039
2040
2041
2042
2043
2045
2046
2047
2051
2052
2053
2054
2055
2056
2057
2058
2059
2060
2061
2062
2065
2067
2068
2069
2070
2072
2073
2074
2075
2076
2077
2078
2079
2080
2081
2083
2084
2085
2086
2087
2088
2089
2090
2091
2092
2095
2096
2098
2099
2100
2103
2104
2105
2106
2107
2109
2111
2112
2114
2115
2116
2117
2118
2119
2123
2124
2125
2126
2129
2130
2131
2132
2134
2135
2138
2140
2141
2142
2143
2144
2146
2147
2148
2149
2150
2152
2154
2156
2157
2158
2159
2160
2161
2162
2163
2164
2165
2167
2168
2171
2172
2173
2174
2175
2176
2178
2179
2180
2181
2182
2183
2186
2187
2188
2189
2193
2194
2195
2196
2197
2198
2200
2201
2202
2203
2204
2205
2208
2209
2210
2211
2212
2213
2214
2215
2216
2218
2219
2220
2221
2222
2223
2224
2225
2226
2227
2230
2231
2232
2233
2234
2236
2237
2239
2240
2241
2242
2243
2245
2247
2248
2249
2250
2251
2252
2253
2254
2255
2258
2262
2263
2264
2265
2266
2268
2269
2270
2271
2272
2273
2274
2275
2276
2277
2278
2279
2280
2281
2282
2283
2284
2286
2287
2288
2289
2291
2292
2293
2294
2295
2297
2299
2300
2301
2302
2303
2304
2305
2307
2308
2309
2310
2312
2313
2314
2315
2317
2319
2320
2321
2322
2323
2324
2325
2326
2327
2328
2329
2331
2332
2333
2334
2335
2336
2337
2339
2342
2344
2345
2346
2347
2348
2349
2350
2351
2352
2353
2354
2356
2358
2359
2360
2361
2362
2364
2365
2366
2367
2368
2369
2370
2371
2372
2373
2374
2375
2376
2378
2379
2380
2382
2383
2385
2386
2387
2388
2389
2390
2391
2392
2393
2394
2395
2396
2397
2398
2399
2400
2401
2402
2405
2406
2407
2409
2411
2413
2414
2416
2417
2418
2419
2420
2421
2422
2425
2426
2427
2428
2430
2431
2432
2433
2434
2435
2436
2437
2438
2439
2440
2441
2443
2444
2447
2449
2450
2451
2452
2453
2454
2455
2457
2458
2459
2461
2462
2463
2464
2465
2466
2467
2469
2470
2472
2473
2474
2475
2476
2477
2478
2479
2480
2481
2482
2483
2484
2485
2486
2487
2488
2492
2493
2494
2495
2496
2497
2498
2499
2500
2501
2502
2503
2504
2505
2506
2507
2508
2511
2512
2513
2514
2515
2516
2518
2519
2520
2522
2525
2526
2527
2528
2529
2530
2531
2532
2533
2534
2536
2537
2538
2539
2540
2541
2543
2544
2545
2546
2550
2551
2552
2553
2554
2555
2556
2557
2558
2559
2560
2561
2562
2563
2564
2567
2568
2569
2574
2575
2576
2577
2578
2579
2580
2581
2582
2585
2586
2587
2588
2589
2590
2591
2592
2593
2594
2595
2596
2597
2598
2599
2600
2601
2603
2604
2605
2606
2607
2608
2609
2610
2611
2612
2614
2615
2616
2617
2618
2619
2620
2621
2622
2624
2625
2627
2629
2631
2633
2634
2635
2636
2637
2638
2640
2641
2642
2644
2645
2646
2648
2649
2650
2652
2653
2656
2657
2659
2660
2661
2663
2664
2665
2667
2669
2670
2671
2672
2673
2675
2676
2679
2680
2681
2682
2684
2685
2687
2688
2689
2690
2692
2693
2694
2695
2696
2698
2699
2700
2702
2705
2706
2707
2708
2709
2710
2711
2712
2713
2714
2715
2716
2717
2719
2721
2722
2724
2725
2726
2728
2729
2731
2733
2735
2736
2737
2738
2739
2740
2741
2742
2743
2744
2746
2750
2751
2757
2758
2759
2760
2762
2763
2764
2765
2766
2769
2770
2771
2772
2773
2774
2775
2777
2778
2779
2780
2782
2783
2785
2786
2787
2789
2790
2791
2793
2794
2795
2796
2798
2799
2800
2801
2802
2803
2804
2805
2806
2807
2808
2809
2810
2811
2812
2813
2814
2815
2816
2817
2818
2819
2820
2821
2824
2826
2827
2829
2830
2834
2835
2838
2839
2842
2843
2844
2845
2847
2848
2849
2850
2851
2854
2855
2856
2857
2858
2859
2860
2861
2862
2863
2864
2866
2868
2869
2870
2871
2872
2873
2875
2876
2877
2878
2879
2880
2881
2882
2883
2884
2885
2886
2888
2891
2892
2893
2895
2896
2897
2898
2899
2900
2901
2902
2903
2904
2905
2906
2907
2908
2909
2910
2911
2912
2914
2916
2917
2918
2919
2920
2921
2922
2923
2924
2925
2926
2927
2928
2929
2930
2931
2932
2933
2934
2935
2936
2937
2938
2939
2940
2941
2942
2943
2945
2946
2949
2951
2952
2953
2954
2955
2957
2958
2960
2961
2962
2964
2965
2968
2969
2970
2971
2973
2974
2975
2976
2977
2978
2979
2980
2982
2983
2985
2986
2987
2988
2989
2990
2991
2993
2994
2996
2998
3000
3001
3002
3003
3004
3005
3006
3007
3008
3009
3010
3011
3013
3014
3016
3017
3019
3020
3022
3023
3024
3025
3026
3028
3032
3033
3035
3036
3037
3038
3039
3040
3041
3042
3043
3044
3045
3046
3047
3048
3050
3051
3054
3055
3057
3058
3059
3060
3061
3062
3063
3064
3065
3066
3067
3068
3069
3070
3071
3072
3073
3074
3075
3076
3078
3079
3081
3082
3084
3085
3086
3088
3089
3091
3093
3094
3095
3096
3097
3098
3100
3101
3102
3103
3104
3106
3108
3110
3111
3112
3113
3114
3115
3116
3117
3119
3121
3124
3126
3127
3130
3131
3132
3133
3134
3137
3138
3139
3140
3141
3142
3143
3146
3147
3148
3149
3150
3151
3152
3154
3155
3156
3157
3158
3159
3160
3162
3163
3164
3166
3168
3169
3170
3172
3173
3174
3175
3176
3178
3179
3180
3181
3182
3184
3185
3186
3187
3188
3189
3191
3192
3193
3194
3195
3196
3198
3199
3200
3201
3202
3203
3204
3205
3206
3207
3208
3210
3212
3213
3214
3216
3217
3219
3220
3221
3222
3223
3224
3225
3226
3227
3229
3230
3232
3233
3234
3235
3236
3238
3239
3240
3241
3243
3244
3245
3247
3248
3249
3250
3251
3252
3253
3254
3255
3256
3257
3258
3259
3260
3261
3262
3263
3264
3265
3266
3267
3268
3269
3270
3271
3272
3273
3274
3275
3276
3277
3278
3279
3280
3281
3283
3284
3285
3286
3287
3288
3289
3291
3293
3295
3296
3297
3298
3299
3300
3301
3302
3303
3304
3305
3306
3307
3308
3309
3311
3312
3313
3315
3317
3318
3319
3320
3322
3323
3324
3325
3326
3328
3329
3330
3331
3332
3333
3334
3335
3336
3337
3338
3339
3340
3341
3342
3345
3346
3347
3349
3350
3351
3353
3354
3355
3359
3360
3361
3362
3363
3364
3365
3366
3367
3368
3369
3370
3372
3373
3374
3375
3376
3378
3379
3380
3381
3382
3383
3384
3385
3388
3389
3390
3391
3392
3393
3394
3395
3396
3397
3398
3399
3400
3401
3402
3403
3404
3405
3406
3407
3408
3409
3412
3413
3414
3417
3420
3423
3424
3425
3426
3427
3428
3429
3430
3431
3432
3436
3437
3438
3439
3440
3441
3442
3444
3446
3447
3448
3449
3451
3452
3453
3455
3456
3457
3458
3459
3460
3461
3464
3465
3466
3467
3468
3470
3471
3472
3473
3474
3476
3477
3478
3479
3480
3482
3483
3484
3485
3486
3489
3490
3491
3492
3493
3495
3496
3497
3498
3500
3501
3503
3504
3507
3508
3510
3511
3512
3513
3514
3516
3517
3519
3520
3521
3522
3523
3525
3526
3527
3528
3530
3531
3532
3534
3535
3536
3540
3541
3543
3545
3546
3547
3548
3549
3550
3551
3552
3553
3554
3557
3558
3559
3560
3561
3562
3563
3564
3565
3566
3567
3568
3570
3572
3574
3577
3578
3579
3580
3581
3582
3583
3585
3588
3589
3590
3591
3592
3594
3595
3596
3597
3598
3600
3601
3605
3606
3607
3608
3609
3610
3611
3614
3615
3616
3617
3618
3619
3621
3622
3623
3624
3627
3628
3629
3630
3631
3632
3633
3634
3635
3636
3638
3639
3640
3641
3642
3643
3644
3645
3647
3648
3649
3650
3652
3653
3654
3655
3656
3657
3658
3659
3660
3661
3662
3663
3664
3665
3666
3668
3669
3670
3671
3672
3673
3675
3680
3682
3683
3684
3685
3686
3688
3689
3690
3691
3692
3693
3694
3695
3696
3697
3698
3699
3700
3701
3702
3703
3704
3706
3707
3708
3709
3710
3712
3713
3714
3715
3716
3717
3718
3721
3722
3723
3724
3725
3726
3727
3728
3729
3730
3731
3732
3733
3734
3735
3736
3737
3738
3739
3740
3741
3742
3743
3744
3746
3747
3748
3749
3750
3754
3755
3756
3757
3759
3760
3763
3764
3765
3766
3768
3769
3770
3771
3773
3775
3776
3777
3778
3779
3780
3781
3782
3784
3789
3790
3791
3792
3793
3794
3795
3796
3798
3799
3800
3801
3802
3805
3808
3809
3811
3812
3814
3815
3816
3817
3818
3819
3820
3821
3822
3823
3824
3825
3826
3827
3828
3829
3830
3832
3833
3834
3836
3838
3839
3840
3841
3842
3843
3845
3846
3847
3848
3849
3850
3851
3852
3854
3855
3856
3857
3858
3860
3863
3864
3865
3866
3867
3868
3869
3870
3872
3873
3875
3876
3878
3879
3880
3881
3882
3883
3884
3885
3886
3888
3889
3890
3893
3894
3895
3896
3897
3898
3899
3900
3901
3902
3904
3905
3906
3908
3909
3910
3911
3912
3913
3915
3916
3917
3918
3919
3920
3922
3923
3924
3925
3926
3927
3928
3929
3930
3931
3932
3933
3934
3935
3936
3938
3939
3940
3942
3943
3945
3946
3947
3948
3950
3952
3953
3954
3955
3957
3959
3960
3962
3963
3964
3965
3966
3967
3968
3970
3971
3972
3973
3974
3976
3977
3978
3979
3980
3981
3983
3984
3985
3987
3988
3989
3990
3991
3992
3993
3995
3996
3997
3998
4001
4004
4005
4006
4007
4009
4010
4011
4012
4013
4014
4015
4016
4017
4019
4020
4021
4022
4023
4024
4025
4026
4027
4028
4029
4030
4033
4034
4035
4036
4037
4038
4039
4043
4044
4047
4049
4050
4051
4053
4054
4055
4056
4057
4058
4059
4060
4062
4063
4064
4065
4066
4067
4069
4072
4073
4075
4076
4077
4078
4079
4080
4081
4083
4084
4085
4086
4088
4090
4092
4094
4096
4097
4098
4099
4100
4101
4102
4103
4104
4105
4107
4110
4111
4112
4113
4114
4115
4116
4118
4119
4120
4121
4122
4123
4124
4125
4127
4129
4130
4132
4133
4134
4135
4137
4138
4139
4140
4141
4142
4143
4144
4146
4147
4148
4149
4150
4151
4152
4153
4154
4155
4156
4157
4158
4160
4161
4162
4163
4165
4166
4167
4169
4170
4171
4172
4173
4177
4178
4179
4180
4181
4183
4184
4185
4188
4189
4193
4194
4195
4196
4197
4198
4199
4200
4201
4206
4207
4208
4209
4210
4211
4212
4213
4214
4215
4217
4218
4219
4220
4222
4224
4225
4227
4228
4230
4231
4232
4233
4234
4236
4238
4239
4240
4241
4242
4243
4244
4246
4247
4248
4249
4250
4251
4252
4253
4255
4256
4258
4260
4261
4262
4263
4264
4265
4266
4269
4270
4271
4272
4273
4274
4275
4276
4277
4278
4279
4280
4281
4282
4283
4284
4286
4287
4288
4289
4291
4292
4294
4295
4296
4297
4298
4300
4301
4302
4303
4304
4308
4310
4311
4312
4314
4315
4316
4317
4318
4320
4321
4322
4324
4325
4326
4327
4328
4330
4332
4333
4335
4336
4338
4339
4340
4341
4342
4343
4344
4345
4346
4347
4348
4349
4350
4351
4352
4354
4355
4357
4360
4361
4362
4363
4364
4366
4367
4368
4369
4372
4373
4375
4376
4378
4379
4380
4381
4382
4385
4386
4387
4388
4389
4390
4391
4392
4393
4396
4397
4399
4400
4402
4404
4405
4407
4408
4409
4410
4411
4412
4413
4414
4415
4418
4420
4421
4422
4424
4425
4426
4427
4428
4429
4430
4431
4432
4433
4434
4435
4436
4437
4438
4439
4440
4441
4442
4443
4444
4445
4446
4447
4448
4449
4450
4451
4452
4453
4455
4456
4457
4458
4459
4460
4461
4462
4463
4464
4465
4467
4469
4471
4473
4474
4475
4477
4479
4480
4481
4482
4484
4485
4486
4489
4490
4491
4492
4493
4494
4495
4497
4499
4500
4501
4503
4504
4506
4507
4509
4510
4511
4512
4514
4515
4516
4517
4518
4519
4520
4522
4523
4524
4525
4526
4527
4528
4529
4531
4532
4533
4534
4535
4536
4538
4540
4541
4542
4543
4544
4545
4546
4547
4548
4549
4550
4551
4552
4553
4554
4555
4556
4557
4558
4559
4562
4563
4564
4565
4567
4568
4570
4571
4572
4573
4574
4575
4576
4578
4580
4581
4582
4583
4584
4585
4586
4587
4588
4589
4591
4592
4593
4594
4595
4596
4598
4599
4600
4601
4602
4603
4604
4605
4606
4607
4608
4610
4611
4612
4613
4614
4617
4618
4621
4622
4624
4626
4627
4628
4629
4630
4633
4634
4635
4636
4637
4638
4639
4640
4641
4643
4644
4645
4646
4647
4649
4650
4651
4652
4653
4654
4656
4657
4658
4659
4660
4661
4662
4664
4665
4666
4667
4669
4671
4672
4673
4674
4675
4676
4677
4678
4680
4681
4682
4683
4684
4685
4686
4687
4689
4690
4691
4692
4693
4694
4695
4696
4697
4699
4700
4702
4703
4706
4707
4708
4709
4712
4713
4714
4715
4716
4717
4720
4721
4723
4725
4726
4727
4728
4729
4730
4731
4732
4733
4735
4737
4738
4739
4740
4741
4742
4743
4744
4745
4746
4747
4748
4749
4751
4752
4753
4754
4755
4756
4757
4760
4761
4762
4763
4764
4765
4766
4767
4768
4769
4770
4771
4772
4773
4774
4775
4776
4777
4778
4779
4780
4781
4783
4784
4785
4786
4787
4788
4789
4791
4792
4793
4795
4796
4797
4798
4799
4800
4801
4802
4803
4804
4806
4807
4808
4809
4810
4812
4813
4814
4815
4816
4818
4820
4821
4822
4823
4824
4827
4828
4829
4831
4832
4833
4834
4835
4837
4838
4839
4841
4842
4843
4845
4846
4847
4848
4850
4851
4852
4853
4854
4855
4856
4857
4858
4859
4860
4863
4864
4865
4866
4867
4868
4869
4870
4872
4873
4876
4877
4878
4880
4882
4884
4885
4886
4887
4888
4889
4891
4892
4893
4894
4895
4896
4897
4898
4899
4901
4903
4904
4905
4906
4907
4908
4909
4913
4914
4915
4917
4921
4922
4923
4924
4925
4926
4927
4929
4930
4931
4932
4933
4934
4935
4936
4937
4938
4939
4940
4941
4942
4943
4945
4946
4948
4949
4950
4951
4953
4954
4955
4956
4957
4958
4959
4960
4962
4963
4964
4965
4966
4968
4969
4972
4973
4974
4975
4976
4978
4979
